23.4322
23.4104
22.3958
19.9824
23.8784
23.6888
19.4697
16.8319
18.6468
22.6515
18.3896
21.2349
18.9682
23.2941
17.1609
19.9205
12.1034
12.2883
12.2908
12.34
12.1881
12.3058
18.5887
18.9834
11.3966
11.974
10.6609
12.0272
12.0926
12.2616
12.2346
18.1998
10.5746
11.3613
9.0822
10.3611
12.8689
15.2909
12.2682
12.3417
11.0964
11.4907
10.4937
9.55119
19.8905
20.5962
12.5244
12.5324
22.6495
22.6604
23.1145
12.1174
21.6227
20.2094
13.604
22.4292
22.829
22.8134
23.706
23.2471
21.5259
21.5143
16.4335
12.4006
22.7351
22.7442
23.6658
23.641
21.2888
21.2758
24.0441
19.3097
22.6051
22.6015
23.5712
23.5697
21.0438
20.9945
23.7788
23.7428
22.4853
22.4388
23.4569
23.3928
20.7153
20.7264
23.2817
23.2755
22.2674
22.0941
23.1875
23.1412
16.7574
20.0664
23.2429
23.2243
16.2007
16.2513
15.2059
14.8828
16.9575
16.987
13.8747
13.9171
19.1153
19.1738
18.2543
18.2626
19.635
19.6534
17.0855
17.0576
20.4378
20.4849
19.6549
19.6396
20.7982
20.7984
18.5
18.5289
21.1184
21.1709
20.3702
20.3655
21.3243
21.3147
19.1419
19.1482
21.4684
21.475
20.7716
20.7485
21.5165
21.516
19.4698
19.483
21.6583
21.6687
20.974
20.9248
21.7028
21.7201
19.7055
19.6862
15.4342
15.4705
13.1163
12.9425
17.2229
17.3046
12.648
12.4676
11.6213
11.6328
14.4942
13.9329
14.6446
14.7184
14.8192
14.9365
14.0351
14.0133
16.6731
16.7072
12.6925
12.6948
18.5249
17.8147
15.4271
15.4339
17.4519
16.7929
12.0784
12.1029
14.2267
16.3598
16.2336
16.2735
17.3342
16.3945
13.3804
13.3238
9.26785
8.90302
16.5362
16.8668
13.1109
12.5933
14.0904
14.0535
10.7655
9.94752
16.9299
16.9386
19.287
19.1931
13.6532
13.533
20.8971
19.0438
17.5296
17.5358
20.0637
20.0929
13.9094
13.8029
21.7432
21.7153
17.8224
17.8151
20.4277
20.4154
13.8852
13.8815
22.0266
22.0073
17.919
17.8995
20.5557
20.5736
13.9652
13.9241
22.0318
22.0361
18.0062
17.9659
20.6441
20.6238
14.139
14.1293
21.9603
21.9433
18.0444
18.0545
20.6505
20.6479
14.1213
14.145
22.0025
21.9854
23.5902
23.5506
23.7862
23.6876
23.1324
22.8891
23.5986
23.0721
22.8028
22.8254
23.0484
23.0585
22.1832
22.1312
22.9275
22.8874
22.0728
22.0812
22.378
22.3627
21.3293
21.3034
22.2541
22.2088
21.5262
21.5225
21.8876
21.8697
20.7084
20.6844
21.6831
21.6212
21.1316
21.0966
21.4767
21.4501
20.283
20.2563
21.2298
21.208
20.7988
20.775
21.1429
21.1209
19.9898
19.9962
21.0173
21.004
23.3183
23.3335
23.8295
23.7233
22.554
22.4586
23.9063
23.3113
23.164
23.1814
23.7651
23.7553
22.1758
22.183
23.9471
23.8942
22.8895
22.919
23.5528
23.5454
21.7875
21.7828
23.6944
23.6721
22.69
22.6811
23.3628
23.3217
21.4556
21.4438
23.3523
23.2871
22.4964
22.4846
23.1966
23.1351
21.1644
21.168
22.8635
22.8384
22.347
22.284
22.9756
22.8856
21.0812
21.0667
22.8182
22.7745
23.5731
23.4966
23.3981
23.3341
23.447
23.2119
23.0033
22.3472
22.7507
22.7195
22.5429
22.5895
22.5587
22.5621
22.012
22.0167
21.986
21.9705
21.7936
21.7989
21.7577
21.6887
21.146
21.1289
21.4805
21.4094
21.2458
21.2336
21.1586
21.0642
20.5
20.5023
21.1198
21.0442
20.7994
20.807
20.6438
20.5175
20.0699
20.0678
20.831
20.7532
20.4529
20.4341
20.5041
20.39
19.7976
19.8014
22.8668
21.6143
23.5672
23.4483
17.5023
21.7214
23.8882
21.7786
22.6216
22.6014
23.4678
23.4738
21.279
19.9575
23.8747
23.8359
22.2627
22.268
23.228
23.2126
20.7602
20.7326
23.645
23.5904
21.9808
21.9734
22.9973
22.9797
20.3615
20.3237
23.2706
23.2364
21.7439
21.7002
22.8011
22.7452
19.9839
19.9817
22.758
22.7695
20.7077
21.1383
21.1392
22.4361
18.2397
19.8348
22.6699
22.684
22.1267
21.8831
21.7438
21.5344
23.8716
20.5536
17.865
20.5619
22.8361
22.8793
18.9315
18.3214
23.5103
23.5088
20.363
20.6172
21.6375
22.5414
19.5669
19.8336
23.0711
23.0303
17.4517
19.7177
18.218
16.5868
20.3626
20.2639
21.3747
22.5947
19.3396
19.1729
19.0792
15.0184
20.7283
20.703
12.4594
14.759
18.9721
18.9607
18.718
14.5076
20.4491
20.4359
12.5964
12.5912
18.7627
18.7449
23.0381
23.0375
22.6643
22.496
23.1372
22.9218
21.877
21.551
23.7564
23.7924
23.3471
23.3191
23.7685
23.7696
22.5302
22.4577
23.9887
23.9939
23.579
23.5583
23.9198
23.9074
22.6693
22.6181
24.0757
24.0618
23.6334
23.624
23.8844
23.7765
22.5733
22.5422
24.0755
24.032
23.6283
23.5621
23.3814
23.4073
22.3145
22.3012
24.001
23.8713
23.4552
23.3667
23.403
23.4042
22.31
22.2984
14.1531
14.1638
13.4022
13.2489
17.2663
17.1513
15.3316
14.3479
12.7485
12.7465
15.1971
15.5159
16.6804
16.6643
18.6405
18.5765
11.8753
11.7493
16.4924
16.6045
16.2103
16.2125
19.4313
19.4288
11.8372
11.8368
15.9373
17.1814
15.8118
15.8811
19.828
19.8083
11.8879
11.8892
12.855
16.3983
15.6622
15.654
20.0337
20.0351
12.1693
12.202
12.1943
13.3142
15.6249
15.5522
20.2199
20.2218
21.1902
21.1048
22.4002
22.3179
19.5694
19.3339
23.0958
22.5805
20.3119
20.311
21.7789
21.7996
18.2011
18.1492
22.7444
22.6967
19.5799
19.5362
21.2697
21.2588
17.1192
17.0763
22.2677
22.2578
19.0008
18.9699
20.8653
20.8656
16.3076
16.2669
21.8556
21.8421
18.6404
18.6507
20.5938
20.5614
15.8284
15.7334
21.4689
21.4716
18.3598
18.3013
20.3157
20.2778
15.4927
15.4239
21.3599
21.346
23.5416
23.4817
23.9695
23.8195
22.7877
22.569
23.9818
23.3667
23.2734
23.275
23.7802
23.7907
22.3112
22.2842
23.8853
23.8277
22.9136
22.9011
23.4731
23.4651
21.8015
21.7383
23.5552
23.5068
22.5649
22.6066
23.1997
23.1736
21.3851
21.3352
23.114
23.0835
22.3104
22.2902
22.9303
22.9085
20.9997
21.0065
22.5506
22.5703
22.0488
22.0394
22.6213
22.5815
20.8293
20.8069
22.4212
22.4203
23.8418
23.8348
23.399
23.3042
24.027
23.8428
22.6351
21.3207
23.7379
23.7265
23.2123
23.2007
23.8786
23.8636
22.2866
22.2523
23.4713
23.4947
22.9179
22.89
23.5779
23.5587
21.8779
21.8478
23.2811
23.2902
22.7064
22.638
23.2662
23.1838
21.4928
21.4306
23.1345
23.1018
22.5563
22.4468
22.7863
22.784
21.1453
21.0719
22.9553
22.8834
22.2695
22.2267
22.7265
22.7017
21.1317
21.0773
22.171
22.1479
21.5065
21.4225
22.5695
22.4494
20.4667
19.9533
20.8866
20.868
19.968
19.92
21.3999
21.3411
18.5827
18.555
19.8292
19.8023
18.6525
18.6843
20.4796
20.3906
17.0007
16.9963
19.0435
19.0572
17.7624
17.7099
19.7927
19.765
15.9395
15.8885
18.5164
18.4746
17.1031
17.0411
19.2935
19.2995
15.2261
15.19
18.1196
18.0792
16.5914
16.6295
19.0037
19.0076
14.6376
14.6573
21.2919
20.586
19.3632
17.7515
22.3243
22.1489
19.3685
15.793
22.8092
22.8079
21.8251
21.792
23.3008
23.3137
18.3327
19.2281
23.2578
23.2587
22.2819
22.2566
23.6845
23.6429
20.7733
20.2105
23.4716
23.4568
20.5348
21.4068
23.7376
23.6301
19.2824
19.4565
16.0137
23.2892
12.3529
12.3625
23.3034
23.319
12.2145
12.1776
18.0573
20.7453
16.213
12.376
23.3617
23.3652
12.1875
12.1953
22.8253
22.8
23.5326
23.4201
21.7829
18.1353
23.8794
23.3035
22.5337
22.5197
23.3869
23.4122
21.2233
21.2426
23.8632
23.8211
22.1645
22.1695
23.1518
23.1144
20.675
20.6832
23.5994
23.5456
21.8587
21.855
22.9047
22.8966
20.2743
20.2545
23.226
23.1784
21.633
21.6228
22.6988
22.6415
19.4254
19.3633
22.7411
22.7457
21.4521
21.3771
22.4475
22.3964
15.5403
14.0681
22.6674
22.6562
13.6152
13.6416
11.5243
11.3587
15.2413
15.1298
13.3235
13.225
17.4466
17.4668
15.9407
15.8714
18.4792
18.4905
13.8332
13.7897
19.1193
19.1265
17.7851
17.7388
19.9372
19.8988
15.8889
15.976
19.9713
19.9619
18.7047
18.7285
20.5956
20.5907
16.9079
16.9682
20.3819
20.4299
19.2509
19.2277
20.9638
20.9527
17.5337
17.6162
20.6821
20.6908
19.5554
19.5608
21.1684
21.1913
17.997
17.9867
19.8269
11.9514
20.1686
20.0673
11.9141
11.8094
18.3116
18.2811
20.5641
19.4611
18.662
18.6226
13.1848
12.0464
16.0144
15.9231
19.7243
19.715
17.4303
17.3591
20.372
14.5504
14.0009
13.9622
19.0878
19.1069
16.6108
16.4533
20.5534
20.0761
12.5773
12.5078
18.6386
18.6619
16.0783
15.9264
20.1859
20.2158
11.9451
11.7011
18.3879
18.399
15.7444
15.648
20.0352
20.0301
11.8024
11.5216
17.2891
17.1691
13.9393
13.7701
19.4562
19.1484
13.4136
13.3755
16.1984
16.7549
12.1223
12.3481
19.4701
19.4336
15.4626
15.447
11.8131
14.2887
12.0647
12.0927
17.8278
19.3756
16.5052
16.5122
11.996
11.9671
12.9779
12.8809
13.5362
15.6371
17.0559
17.0695
12.1003
12.0362
13.5585
13.5651
18.386
19.0771
17.5531
17.5096
13.541
13.9141
13.9449
13.9065
19.0919
19.0887
17.779
17.7502
18.551
18.5064
19.2824
19.1682
17.4903
17.3763
19.6885
19.6821
20.5344
20.5831
21.2471
21.1815
19.5346
19.5172
21.4864
21.4725
21.4807
21.4781
22.125
22.0811
20.4043
20.4532
22.283
22.2492
21.9222
21.9244
22.5167
22.5055
20.8093
20.8249
22.5241
22.4779
22.1608
22.1446
22.7407
22.7127
21.0129
21.0061
22.5321
22.5282
22.2205
22.2017
22.7262
22.7084
21.172
21.1696
22.6205
22.6556
21.4457
21.3997
19.9506
19.9391
22.4876
22.3386
17.9214
16.3847
21.2043
21.1889
19.3985
19.3689
22.3583
22.3371
16.7758
16.7424
20.9483
20.9053
18.896
18.8999
22.1338
22.1033
15.8386
15.8551
20.7518
20.6896
18.5425
18.4927
21.9167
21.8613
15.2301
15.124
20.581
20.5101
18.2756
18.2452
21.6584
21.5951
14.7948
14.6772
20.3957
20.3567
18.0891
18.0587
21.5658
21.5532
14.544
14.4042
19.1695
19.2261
20.8071
20.7484
16.931
15.7307
21.9257
21.6721
17.9793
18.0934
20.1747
20.1074
15.0906
15.0322
21.4791
21.4626
16.9488
17.1508
19.3484
19.3484
13.6186
13.7283
20.9277
20.9526
16.0234
16.2789
18.804
18.7445
12.561
12.5924
20.5457
20.5043
15.5662
15.6217
18.5437
18.4507
12.163
12.3088
20.3537
20.3599
15.4773
15.558
18.4484
18.3963
12.4726
12.3279
20.2815
20.2879
21.112
18.4017
22.9867
23.0476
19.4078
21.7478
23.9072
17.1665
16.7546
19.3314
23.3551
23.5863
16.9318
20.9317
24.0338
24.0207
19.8208
11.9797
23.1706
23.3288
11.4925
12.8347
23.8397
23.8456
21.8163
18.7067
23.149
23.1931
10.7182
11.6182
23.5466
23.5117
21.9922
21.7411
23.132
23.0629
11.8045
12.4168
23.0915
23.111
21.9332
20.9986
22.9006
22.8489
14.9998
12.7978
23.0501
23.0526
12.4159
12.4504
12.2951
19.658
12.5702
12.6163
20.9544
19.1067
20.8282
12.6372
21.6911
18.3778
12.4833
12.5956
19.9393
17.4828
22.8588
22.8701
21.8232
21.7917
22.7516
14.0038
20.2433
20.2447
22.5712
22.5724
21.4395
21.4207
23.0136
22.6297
19.7269
19.712
22.3337
22.2927
21.1896
21.1412
22.4895
22.5034
19.384
19.379
22.1165
22.0576
20.9272
20.8799
22.4137
22.4016
19.2488
19.2364
12.5387
12.4654
12.3574
12.3268
14.8597
12.2595
12.7274
12.3212
14.1486
14.2504
15.9307
15.9028
12.2365
12.2445
17.028
16.9846
16.4394
16.4642
17.9199
17.9305
14.4315
14.4796
18.8099
18.8194
17.588
17.5974
18.932
18.9163
15.6799
15.7258
19.6768
19.6716
18.2219
18.2354
19.5262
19.5019
16.4555
16.489
20.1944
20.2006
18.6409
18.6306
19.8272
19.8273
16.9486
16.9484
20.4667
20.4675
13.1998
13.3341
16.4873
16.5608
14.5524
14.553
18.8651
18.9058
12.8613
13.0031
10.8633
13.8145
16.9034
16.9312
12.1902
16.9069
14.1248
14.3738
10.2572
10.0475
17.8994
17.9923
8.62653
9.14575
14.9476
15.1052
10.0717
9.78678
18.4836
18.4761
8.4862
8.11287
15.3765
15.5023
10.3051
9.90801
18.9047
18.9096
9.0107
8.68538
15.8769
15.9867
11.0841
10.5537
19.1512
19.1766
15.9775
12.5609
14.1261
11.0359
15.6978
14.774
7.1389
12.2853
12.1863
12.1514
12.9741
14.6991
12.1679
12.1976
14.1068
12.4496
12.0802
12.1073
16.3987
16.8762
12.234
12.2804
15.4332
16.7435
11.9558
12.0967
13.3696
15.2857
11.8749
12.0686
13.1634
15.3498
12.0173
12.5986
11.5003
15.1858
11.6576
11.9853
15.3769
13.6675
14.7696
15.0855
11.4478
11.9131
11.9883
13.4032
12.0878
12.271
15.6591
15.7395
17.7683
17.7486
16.533
16.3497
18.5879
18.498
14.9009
15.0061
20.1765
20.1632
19.0067
19.017
20.8182
20.7776
17.3779
17.3379
21.2646
21.2676
20.1414
20.1379
21.8403
21.7859
18.4696
18.5233
21.832
21.8048
20.728
20.7467
22.2613
22.1976
19.0885
19.0815
22.1252
22.0937
21.0391
21.0426
22.3003
22.2996
19.4262
19.4473
22.2447
22.1942
21.1781
21.1755
22.4545
22.4737
19.6521
19.6634
18.5082
18.2712
17.578
17.4945
13.2679
12.2551
16.3603
16.0521
15.4749
15.4913
13.9568
13.9222
13.509
12.3842
12.184
12.0971
12.8001
12.802
12.1821
12.2668
13.096
12.2869
14.9604
15.0895
12.7922
12.4934
12.6359
12.2216
12.2949
12.2085
14.9355
16.4298
13.7239
14.1622
16.2835
15.837
12.2683
12.2769
16.1625
16.3293
12.6949
12.6046
13.8077
16.9156
12.4078
12.3397
17.7915
16.2533
18.1351
18.2231
20.0217
19.9447
15.6339
15.0923
21.3287
21.029
18.9879
19.0563
20.9083
20.9474
15.6685
15.8886
22.2802
22.2699
17.9326
17.7121
21.2093
21.2288
12.1216
12.2495
22.5907
22.589
13.0635
13.0798
20.8196
21.3092
13.6363
14.0706
22.5849
22.5787
16.8951
17.2747
16.6767
20.94
17.1063
17.0984
22.4097
22.447
18.7452
19.1223
20.5247
17.2107
17.2402
17.2774
22.597
22.5737
20.7761
19.2835
19.8221
15.973
23.2938
23.1236
20.7196
21.8472
18.6153
21.7552
20.4728
20.7931
20.6298
22.349
18.2788
19.9625
21.4206
17.5062
20.9361
20.9275
18.3524
20.4198
20.0116
17.2265
20.7807
20.7906
20.2257
20.2476
18.7797
16.0578
19.2542
18.9277
20.3202
20.2853
19.7438
19.732
11.7686
11.7896
18.7221
18.7447
18.6055
16.7359
19.3396
19.3261
11.9534
11.9728
18.4031
18.3967
23.502
23.4902
20.8988
17.0094
23.0295
22.8734
11.4469
11.4074
23.5186
23.5877
16.9852
13.9456
22.8895
22.8955
11.5995
11.6401
21.987
23.4704
11.8866
11.93
22.6422
22.6067
11.7895
11.6671
21.3474
23.1108
12.0453
11.9715
22.3508
22.3354
11.9544
11.8261
23.0834
22.8751
16.4914
12.1177
21.9997
21.9788
12.0904
12.0348
22.9821
22.8896
23.2925
21.0093
21.9066
21.9148
12.2192
12.1548
23.4338
23.3968
22.7872
22.6801
23.7503
23.5806
21.7581
21.516
23.5737
23.6247
22.8401
22.854
23.9048
23.9015
21.6794
21.6222
23.5192
23.5001
22.7313
22.7224
23.7956
23.7481
21.4487
21.4203
23.4256
23.4032
22.6048
22.5639
23.5778
23.4968
21.1819
21.1732
23.3246
23.2667
22.4725
22.4314
23.0894
23.0986
20.9908
20.9729
23.1668
23.1004
22.3098
22.2409
23.0344
23.048
20.9118
20.9035
16.3824
16.4575
13.8703
13.8052
18.2124
18.2295
12.237
12.2424
13.3885
13.471
11.8274
11.9139
16.3528
16.3958
15.0916
15.4638
11.596
11.7384
14.3447
14.5284
14.8812
14.9248
16.9925
17.314
13.095
12.4441
16.1316
16.025
13.7719
13.8427
17.7755
17.7003
14.2319
13.5801
17.0211
16.8462
13.1517
13.1793
18.2808
18.0641
14.8016
13.7437
17.7186
17.5601
12.7422
12.7288
19.2958
19.007
20.7083
20.7262
21.9282
21.865
19.0827
18.8802
22.7396
22.2862
21.1007
21.1153
22.462
22.4719
19.1819
19.1814
23.3295
23.2618
21.1703
21.2025
22.6306
22.6637
19.0897
19.0816
23.4388
23.4157
21.1901
21.1898
22.6738
22.6677
18.967
18.9511
23.3261
23.2752
21.1537
21.1224
22.6424
22.6094
18.8652
18.8108
22.977
22.9923
21.0862
21.0215
22.4835
22.4254
18.7983
18.8029
22.9806
22.9995
21.8616
21.7978
21.9919
21.8797
21.4337
21.2709
21.8161
21.5766
22.9779
22.9893
23.11
23.0898
22.5188
22.5066
22.8502
22.8213
23.4737
23.4419
23.58
23.569
22.9426
22.9099
23.2406
23.1895
23.6812
23.6741
23.7502
23.7487
23.0309
22.9785
23.2369
23.2083
23.7463
23.7258
23.825
23.7624
22.8013
22.7792
22.9979
22.9874
23.7001
23.6198
23.6679
23.6206
22.8447
22.855
23.0313
23.0489
23.3637
23.3598
23.8598
23.7112
22.6395
22.4972
23.9243
23.3279
23.0405
23.0491
23.6181
23.6289
22.093
22.0859
23.8186
23.7746
22.654
22.6782
23.3216
23.3062
21.5526
21.5388
23.4889
23.4582
22.3652
22.3724
23.0585
23.0455
21.1558
21.138
23.1133
23.0617
22.15
22.0932
22.85
22.7959
20.8292
20.8122
22.6446
22.6279
21.9162
21.8645
22.5779
22.5283
20.6689
20.6503
22.5378
22.5446
23.5679
23.5106
23.3745
23.3278
23.4737
23.2895
22.9246
22.0969
22.7204
22.7872
22.4999
22.5335
22.7102
22.6711
21.9542
22.043
21.9012
22.0113
21.6374
21.7085
21.9856
21.9516
21.1287
21.1334
19.8071
20.2
21.0007
21.0824
19.9763
19.0371
20.4074
20.4315
13.5139
13.1893
20.4474
20.5735
20.5129
19.1315
19.9954
20.0489
10.859
11.8536
12.6301
20.0141
20.443
20.2245
19.7822
19.7982
20.0948
20.0601
19.4756
19.3138
19.9379
18.0073
18.5948
18.5444
21.8278
21.812
21.2562
21.2719
18.0762
14.0196
20.39
20.3454
22.4862
22.2555
22.0455
22.0694
14.2846
12.3969
21.0887
21.1052
22.4831
20.861
22.3956
22.3706
11.4945
11.5867
21.2932
21.2732
22.7782
22.7305
22.3913
22.4805
10.308
11.0172
21.2327
21.1765
22.706
21.8171
22.1756
22.2611
11.4908
10.2784
21.3446
21.3413
21.3188
18.3898
21.7889
17.9646
17.0859
22.6501
20.7552
23.1964
22.814
22.8236
23.2753
23.2589
21.9942
19.6462
23.3758
20.4523
22.2041
22.2549
22.7535
22.7549
21.302
21.272
22.8458
22.8309
21.7874
21.7675
22.343
22.341
20.7254
20.6925
22.3435
22.3208
21.4398
21.3936
22.0276
21.9856
20.2996
20.3053
21.8659
21.8595
21.1382
21.1339
21.6984
21.692
20.0826
20.0812
21.6927
21.692
21.0902
21.0354
20.1803
20.113
21.6488
21.5999
18.9956
18.9379
19.4897
19.4081
18.1639
18.1886
20.2443
20.2178
16.4528
16.3868
18.1635
18.092
16.5569
16.5049
19.137
19.0768
14.3324
14.329
17.2532
17.1729
15.3444
15.3581
18.3596
18.3589
12.8043
12.8614
16.5298
16.5296
14.4976
14.4642
17.9218
17.8357
11.9988
11.9798
16.1229
16.056
13.8632
13.8398
17.5882
17.538
12.2265
12.19
23.0817
23.0744
22.4201
22.3583
23.4598
23.2757
21.4966
21.055
22.2617
22.2556
21.4428
21.4255
22.7051
22.6815
20.2226
20.234
21.5101
21.5241
20.5868
20.5292
21.9905
21.976
19.1805
19.2129
20.9569
20.9791
19.9489
19.9175
21.4137
21.4029
18.4321
18.4035
20.5486
20.5533
19.4958
19.4393
20.99
20.9822
17.9825
17.945
20.2574
20.2454
19.1664
19.139
20.7505
20.7532
17.6448
17.6233
22.4636
22.463
23.2314
23.1332
21.3644
18.2495
23.5961
23.1075
22.2769
22.2905
23.2173
23.2029
20.8859
20.8826
23.6977
23.6255
22.0096
21.9586
23.0573
23.0072
20.3693
20.4238
23.5158
23.4544
21.85
21.7739
22.8933
22.8703
20.1357
20.1219
23.1928
23.1665
21.7574
21.6808
22.8063
22.7216
19.9867
16.756
22.7839
22.7631
21.5869
21.5507
22.578
22.5533
19.8762
19.8785
22.7541
22.7254
22.95
22.8878
23.451
23.3632
22.157
21.9885
23.5938
23.0775
23.1487
23.1299
23.7415
23.7435
22.2435
22.169
23.9161
23.8511
23.1663
23.1434
23.7731
23.7659
22.1139
22.0586
23.8943
23.8306
23.1343
23.0962
23.7359
23.7006
21.9371
21.8745
23.6512
23.6078
23.0369
23.0019
23.6411
23.5834
21.6964
21.6991
23.2134
23.229
22.9407
22.8563
23.4556
23.366
21.6754
21.6532
23.2015
23.2062
22.9674
22.9283
21.9952
21.89
23.5685
23.3671
20.6321
20.4816
22.6576
22.6639
21.4632
21.4313
23.342
23.3355
19.6666
19.7008
22.302
22.3249
20.9338
20.845
23.0385
23.0054
18.6828
18.7598
22.02
22.0532
20.5923
20.3717
22.6949
22.6341
17.7656
17.1765
21.8363
21.7979
20.4031
20.3375
22.2458
22.2454
18.084
13.1432
21.6407
21.5855
20.1509
20.1218
22.1235
22.118
18.0278
17.9349
11.4932
11.5627
15.4369
15.2862
14.8957
15.1578
18.0009
18.0182
12.7063
13.0901
13.8062
13.7502
17.4748
15.9369
17.1888
17.2445
14.0075
15.4965
12.5388
12.552
18.7493
18.7381
16.5844
16.56
14.2736
16.18
11.8822
11.7424
19.2816
19.2691
16.1512
16.1893
12.5111
15.9416
11.9232
11.9156
19.5826
19.5879
15.9383
15.9698
12.4288
14.7862
12.0387
12.07
19.8004
19.8143
15.7925
15.7553
19.5612
19.5316
19.3955
19.2606
15.8467
17.7663
18.9663
18.8523
16.5475
17.3309
21.3128
21.3867
14.1138
17.9455
20.8831
20.8449
12.2131
12.2046
12.262
19.8884
12.1529
17.2197
21.1773
21.7098
12.1704
12.1886
12.2362
12.2934
13.0207
16.3174
12.2451
16.029
12.1727
12.1743
12.2131
12.2274
14.8419
20.0143
12.2542
12.3176
12.187
12.1815
12.1718
12.1818
13.5342
19.8938
12.2921
12.319
23.9019
23.8177
19.61
17.5796
23.4568
23.2674
20.0622
22.3425
22.191
23.7122
20.9748
23.3786
23.1345
23.0004
23.6321
23.5927
20.3842
22.8595
23.3561
23.5566
22.7426
20.7608
23.2581
23.2501
20.9024
21.0335
23.2293
23.2402
22.1239
20.5009
22.7866
22.7771
22.8725
19.9954
22.9977
22.9593
20.2536
16.6922
22.1865
22.2184
22.6302
20.6284
22.6775
22.6313
21.4693
19.7195
22.0417
22.0447
22.2331
22.2217
22.016
21.92
22.2328
22.1605
21.471
21.2958
23.2437
23.2528
23.0061
22.9805
23.1224
23.1114
22.4207
22.4109
23.6177
23.654
23.4208
23.3895
23.4067
23.3532
22.751
22.7424
23.7979
23.8148
23.5814
23.5868
23.424
23.3575
22.7789
22.7142
23.8571
23.8144
23.6322
23.5926
23.1119
23.1254
22.5857
22.5952
23.7901
23.7009
23.457
23.4398
23.1345
23.1395
22.6227
22.6006
23.0795
23.1368
23.1626
23.1129
22.7911
22.7235
22.8863
21.7067
22.0851
22.1017
22.2175
22.205
21.6777
21.7233
21.9326
21.928
21.2344
21.2622
21.4123
21.3636
20.7189
20.743
21.1589
21.0749
20.6987
20.6486
20.9281
20.8096
20.0147
20.0165
20.5874
20.5237
20.3048
20.2764
20.5731
20.5016
19.6252
19.6156
20.321
20.2756
20.0245
19.964
20.2512
20.2351
19.3749
19.3567
20.1209
20.1112
21.9834
18.6893
22.7388
22.7206
18.6418
20.8296
23.0774
22.7049
20.9264
20.7916
21.8542
21.9001
18.6572
15.6099
22.3347
22.338
20.1631
20.1318
21.1747
21.1371
18.7752
16.8476
21.6394
21.5767
19.6447
19.6273
20.6745
20.6466
18.0286
17.9073
21.0867
21.0648
19.1767
19.1329
20.2696
20.2428
17.4487
17.3521
20.6975
20.6804
18.7877
18.7303
19.9295
19.8885
17.0471
17.0159
20.4826
20.4591
19.3943
19.3455
20.2011
20.0881
18.2321
18.1283
20.6074
20.4902
21.135
21.1115
21.8575
21.8714
19.9176
19.9022
22.1691
22.1635
21.8867
21.8709
22.6187
22.5916
20.7147
20.673
22.8319
22.7963
22.2973
22.2786
22.9702
22.9851
21.0287
20.9804
23.0082
22.9697
22.4811
22.4643
23.1802
23.1173
21.1217
21.1108
22.8608
22.8702
22.5623
22.4926
23.1145
23.0718
21.2365
21.237
22.9681
22.9704
22.6297
22.6312
21.8232
21.7024
23.1205
23.0107
20.6035
20.4442
23.3035
23.3441
22.4233
22.383
23.7322
23.7349
21.1014
21.0007
23.523
23.5552
22.6423
22.6114
23.8763
23.8513
21.2381
21.1588
23.6359
23.6322
22.7575
22.6937
23.8137
23.7346
21.2646
21.1826
23.6315
23.5898
22.7829
22.6829
23.3916
23.3853
21.1561
21.1132
23.5657
23.475
22.6602
22.6035
23.4172
23.4076
21.218
21.2089
12.3565
12.2861
16.3224
16.188
14.0466
14.2673
18.7711
18.7438
11.7024
11.7353
15.6703
15.7247
15.5518
16.4949
18.7123
18.7079
11.4808
11.5255
15.1291
15.1813
14.9899
17.2089
18.5555
18.5503
11.4093
11.4365
14.7177
14.7274
12.7142
15.388
18.3116
18.3513
11.4614
11.4796
14.4986
14.4717
12.3592
16.9446
18.2474
18.3076
11.7547
11.5623
14.2554
14.35
11.9674
14.9662
18.2062
18.2051
21.3317
21.3658
20.0316
13.6445
20.5174
12.2489
14.1021
17.5299
19.5653
19.5735
18.5881
15.9228
15.9895
14.6908
17.9884
17.4071
18.0549
18.096
17.1684
15.0944
13.9006
12.7221
16.1453
16.3929
16.881
16.4899
15.9707
14.5372
12.4235
12.4324
13.8816
14.9598
16.0559
16.0533
15.2114
14.8969
12.614
12.6542
13.7233
14.0933
15.3572
14.5997
14.5718
14.4743
12.7984
12.7631
13.1082
13.3548
23.2578
23.2102
23.5531
20.7669
22.7487
21.0591
15.8753
11.8812
23.7302
23.7231
24.0505
24.0225
20.2159
19.2966
23.9189
21.1923
23.7948
23.5801
24.1505
24.1355
14.6993
13.2549
23.9915
23.9392
22.9225
20.9404
24.1446
24.1559
12.4336
12.4345
23.7855
23.7432
23.1532
19.0619
24.0941
24.0245
12.5812
12.5874
23.3538
23.3374
23.6768
21.0897
23.8773
23.7938
13.6218
12.7127
23.3594
23.3462
19.7054
19.6737
18.6605
18.5716
20.4171
20.3123
17.2225
17.2885
21.4551
21.4604
20.4379
20.4421
22.0572
22.0505
18.9261
18.9302
22.2387
22.2597
21.2247
21.2125
22.7435
22.7422
19.6613
19.7242
22.6292
22.643
21.6296
21.6009
22.9802
22.9374
20.0351
20.043
22.839
22.8091
21.8076
21.7932
22.8477
22.8715
20.2391
20.2819
22.8845
22.8257
21.8585
21.8432
22.9549
22.9425
20.3703
20.3753
23.6194
23.6006
23.1374
23.0415
23.0216
12.3237
22.3577
22.0343
22.8856
22.9126
22.2469
22.2585
23.1492
21.4845
21.3002
21.3144
22.1846
22.216
21.484
21.4585
22.4438
22.4635
20.3731
20.3626
21.6824
21.6826
20.8951
20.8641
21.8867
21.8571
19.6999
19.6553
21.2836
21.2799
20.4578
20.4253
21.4182
21.4244
19.2145
19.1985
20.982
20.9325
20.1305
20.1131
21.2182
21.2129
18.9079
18.8919
22.8446
22.7936
23.1443
23.0697
22.2007
22.0386
23.1894
22.6919
23.4914
23.4993
23.8519
23.8553
22.1659
22.4613
23.881
23.8731
22.4747
22.3604
24.0353
24.0544
13.4912
13.8525
23.985
23.9737
13.8262
12.6935
23.4656
24.0141
12.2184
12.0526
23.7729
23.7817
11.4305
11.4662
17.7531
23.4657
12.1483
12.169
23.3863
23.4126
12.8769
11.9967
17.1136
17.4487
12.3439
12.3145
23.427
23.4256
18.5081
18.479
19.0805
18.9354
17.6705
17.6446
19.358
19.2837
20.6311
20.6633
21.1997
21.1944
19.7794
19.776
21.3485
21.2979
21.6608
21.6394
22.1324
22.1603
20.7266
20.7162
22.218
22.1876
22.174
22.1609
22.641
22.6341
21.1545
21.1148
22.518
22.4904
22.4359
22.4106
22.898
22.8573
21.2615
21.2807
22.5054
22.4752
22.5304
22.47
22.9328
22.8865
21.4496
21.4579
22.6325
22.6184
22.1993
22.1954
21.0269
20.9724
22.9811
21.7679
19.5367
19.5359
22.7756
22.8306
21.4789
21.47
23.55
23.6034
19.6523
19.8378
22.8416
22.9556
21.4267
21.3753
23.6227
23.6429
19.1699
19.3173
22.8233
22.9075
21.3056
21.164
23.5072
23.4635
18.8632
18.2396
22.7351
22.7937
21.3365
21.1394
23.1249
23.1654
17.7825
14.257
22.7373
22.7606
21.4092
21.1921
23.1712
23.1911
16.9631
13.1167
19.8419
19.8435
21.4821
21.4069
17.6755
17.5148
22.3698
16.7273
19.3138
19.3198
21.3095
21.3
16.5381
16.4626
22.6576
22.6356
18.7982
18.7859
21.0177
21.0494
15.6032
15.6119
22.4263
22.4056
18.3911
18.3617
20.79
20.7753
14.9484
14.9338
22.11
22.1074
18.1053
18.1363
20.5716
20.5812
14.4836
14.5263
21.823
21.8105
17.8911
17.9028
20.4048
20.3945
14.2305
14.2884
21.7521
21.7496
22.4916
22.4792
21.8037
21.643
22.8636
22.7123
20.6946
20.5585
19.8695
23.2817
20.5841
22.1311
23.5595
23.5963
17.2321
20.0996
11.849
16.8043
11.2863
11.5857
23.3022
23.6836
11.7086
11.8091
11.5101
18.9063
10.9365
11.4078
23.0915
23.2747
11.5458
11.7021
10.3679
15.8055
10.5379
11.0067
23.0758
23.2207
11.6395
11.8704
15.8229
20.0781
10.1413
10.727
23.2352
23.2988
11.6594
11.8351
17.5181
18.108
21.7383
21.6716
20.2084
16.446
22.2292
21.9718
18.4966
16.1216
20.4958
20.4997
18.1323
18.1758
21.1299
21.1533
17.9279
16.2482
19.3974
19.3775
15.0766
16.4072
20.1618
20.1313
17.0846
16.9573
18.5647
18.5425
12.9696
13.4574
19.2184
18.3387
16.3606
16.3173
17.9519
17.9383
13.6708
13.6077
13.7257
12.5543
15.8286
15.8276
17.4862
16.8172
13.6736
12.9275
12.3093
12.3121
14.557
14.5373
16.3305
16.3202
12.2364
12.2589
17.7447
17.7815
17.6621
17.6729
19.2243
19.2278
15.6545
15.603
20.2049
20.197
19.0782
19.0455
20.4553
20.4686
17.1133
17.1556
21.3012
21.3113
19.7875
19.7869
21.1116
21.1187
17.9169
17.9164
21.7541
21.7253
20.2037
20.1855
21.4445
21.4409
18.4192
18.4319
21.8775
21.8871
20.4239
20.4009
21.5831
21.5875
18.6943
18.7119
22.0557
22.0783
22.8588
22.829
21.8415
21.7712
23.529
23.3546
20.4357
19.6797
23.1587
23.1843
22.0343
22.0119
23.8425
23.8328
20.3925
20.3356
23.2001
23.2218
21.9791
21.9815
23.8169
23.7921
20.2038
20.1774
23.1702
23.1655
21.9452
21.9112
23.6641
23.5818
19.9978
20.0134
23.1196
23.0845
21.839
21.7788
23.1948
23.1734
19.8436
19.8188
22.9884
22.9089
21.6994
21.6514
23.1762
23.1738
19.7842
19.7923
21.381
21.3259
21.9154
21.8287
20.5973
20.3686
18.9942
20.7272
19.5575
19.5292
20.3127
20.3323
18.4586
18.4874
18.6765
14.3407
18.0272
17.9782
18.9576
18.9696
16.6679
16.6613
19.3729
15.8103
16.8177
16.7781
17.9326
17.9558
15.3164
15.3085
18.5179
16.6365
15.9803
15.9636
17.1898
17.2313
14.3631
14.2653
17.2159
14.4048
15.4353
15.4
16.6806
16.7126
13.6252
13.6218
17.0747
14.0803
20.532
20.5108
19.428
19.3075
21.2521
21.1758
17.9962
17.8871
21.947
21.9597
20.8778
20.9152
22.5469
22.5584
19.4063
19.3999
22.5851
22.5819
21.5239
21.5371
23.0768
23.055
20.0331
20.0277
22.8794
22.8993
21.8685
21.8747
23.2311
23.165
20.3026
20.2843
23.0272
22.9924
21.9861
21.9695
22.9948
22.9896
20.3857
20.4223
23.0276
22.9611
22.0046
21.9736
23.0775
23.0892
20.5159
20.4964
20.4042
20.4078
19.0067
18.971
21.4277
21.37
17.1593
16.1349
18.7987
18.883
16.7473
16.8045
20.2439
20.2569
14.0208
14.0751
17.4958
17.5564
14.7656
14.8249
19.2356
19.302
11.5355
11.9847
16.5812
16.5946
13.3664
13.3706
18.5263
18.5705
11.5633
11.7156
15.8681
15.9196
12.4793
12.4578
18.175
18.1826
11.7441
11.7758
15.486
15.53
11.9655
11.8924
17.8421
17.8715
12.0512
12.0532
23.6781
23.5991
23.9387
23.8634
23.1288
22.9864
23.8361
23.2534
23.2393
23.2591
23.553
23.5961
22.5646
22.6026
23.5389
23.5154
22.6982
22.7136
23.0496
23.1617
21.88
21.9769
23.0599
23.0748
22.026
22.1117
22.5732
22.719
21.1374
21.2326
22.5225
22.5386
21.3768
21.4299
22.0259
22.281
14.6649
19.0818
22.0968
22.1507
20.2257
15.6873
22.1938
21.9838
11.8519
14.5253
22.0857
22.0499
17.5231
20.9221
22.8247
22.6568
21.1659
21.1051
23.1481
22.7103
18.2474
19.2803
22.0183
22.0193
19.7498
19.7474
22.5063
22.4996
18.0681
17.3039
21.3013
21.2928
18.6063
18.5881
21.8778
21.8498
18.9981
16.312
20.7553
20.726
17.7383
17.7313
21.3157
21.282
19.0306
18.6245
20.3446
20.3279
16.4357
17.2334
20.3968
19.14
18.6672
17.6546
20.0114
19.9901
15.1866
16.6742
16.2773
15.4944
23.4655
23.4473
22.777
22.5714
23.8034
23.6269
21.6686
21.3474
23.6812
23.6887
22.912
22.869
24.0049
23.9945
21.6694
21.6241
23.6534
23.6439
21.6722
22.4141
23.9457
23.8858
19.6978
21.4315
11.9855
19.1525
11.9371
11.9367
22.6946
23.6441
11.9336
11.9852
11.9661
11.9893
12.0451
11.9853
12.7589
19.5582
12.0927
12.0902
12.0156
11.9992
12.0691
12.08
12.3273
14.4699
12.1805
12.1895
16.4757
16.4816
17.9701
17.9359
14.48
14.7756
19.0463
19.0618
18.9734
18.945
20.2884
20.3056
17.1423
17.0905
21.1139
21.1002
20.14
20.1053
21.3292
21.3468
18.3929
18.3863
21.9962
21.9922
20.7132
20.7142
21.8526
21.879
19.0002
18.9749
22.3151
22.3216
21.046
21.0319
22.1396
22.0945
19.3378
19.366
22.3391
22.3517
21.2097
21.1598
22.2169
22.1819
19.577
19.5444
22.4782
22.4999
23.9851
23.9824
23.7856
23.6994
23.9468
23.7492
23.2435
22.7371
23.5781
23.5498
23.3159
23.2912
23.4466
23.428
22.7119
22.6773
23.1087
23.1087
22.8245
22.8274
22.9373
22.9124
22.1477
22.1177
22.7423
22.7428
22.4619
22.4419
22.5006
22.4472
21.6427
21.5833
22.4864
22.4637
22.1791
22.1155
22.005
21.9816
21.1615
21.1598
22.2286
22.1681
21.8304
21.8455
21.8611
21.8502
20.999
20.9764
23.9565
23.9011
23.8935
23.7993
23.7656
23.567
20.9839
22.3979
23.5597
23.568
23.4773
23.4667
23.3103
23.2787
22.5356
17.6173
23.1108
23.1085
23.0118
23.0121
22.7711
22.7517
22.5072
22.4277
22.7272
22.7423
22.6337
22.6221
22.3102
22.2709
22.0046
21.9666
22.4663
22.4203
22.3277
22.3062
21.8306
21.8178
21.5687
21.5778
22.1846
22.1224
22.027
21.9954
21.6614
21.656
21.4009
21.3954
22.2107
22.2001
21.3101
21.2387
22.7732
22.6368
20.0189
19.8962
23.0371
23.0483
22.0956
22.0747
23.5501
23.5161
20.7024
20.7088
23.3553
23.3705
22.3882
22.3809
23.7829
23.7275
20.9049
20.9033
23.4756
23.4686
22.464
22.4708
23.7772
23.6686
20.9032
20.8921
23.499
23.4749
22.492
22.4695
23.3388
23.3317
20.8582
20.848
23.4351
23.3491
22.4003
22.3539
23.3639
23.358
20.8358
20.8681
22.1625
22.1397
21.2969
21.2226
22.7283
22.6034
20.05
19.1658
21.0579
21.0805
19.8557
19.8798
21.7933
21.7858
18.2148
18.1781
20.1142
20.1312
18.6478
18.6501
20.9875
20.9812
16.6679
16.6512
19.4257
19.3994
17.7869
17.8084
20.3362
20.3335
15.5106
15.5278
18.8731
18.8483
17.1087
17.1174
19.9203
19.9537
14.731
14.7405
18.5393
18.5054
16.6591
16.6324
19.6696
19.6831
14.1432
14.1562
21.2418
21.2316
22.295
22.2301
19.8235
19.7089
22.9118
22.5268
21.8064
21.7787
22.8986
22.9338
20.1291
20.1023
23.5508
23.5488
21.911
21.8969
23.1159
23.1242
20.1129
20.0756
23.7138
23.7
21.9613
21.8964
23.1741
23.1587
20.0682
19.9975
23.5671
23.5453
21.9789
21.9341
23.1625
23.11
20.0021
19.9095
23.2134
23.2147
21.9477
21.8687
23.0057
22.9608
20.0778
20.0517
23.2368
23.2186
23.1691
23.1908
22.5031
22.2395
22.2266
20.2504
16.898
16.8154
22.0589
22.1363
21.6379
21.6176
13.6767
13.2985
18.1856
17.6537
18.2334
16.1612
20.8561
20.8423
11.9267
12.0489
19.3825
15.992
12.1563
12.0699
18.0883
20.2817
11.9833
12.0179
18.6744
17.8249
20.7607
17.4208
18.9193
14.1012
18.4347
12.1457
17.8136
17.9171
20.6817
20.6582
19.4767
19.4556
21.1462
20.3943
17.287
17.4744
19.5971
19.6044
20.4913
20.5134
18.3972
15.1467
21.1916
20.9545
21.1933
21.1881
22.0965
22.1308
19.8331
19.7813
22.6203
22.5628
21.8789
21.909
22.7747
22.797
20.4715
20.4536
23.1502
23.1432
22.2187
22.2334
23.1126
23.1083
20.5031
20.5442
23.2582
23.2359
16.1338
21.0339
17.9952
23.1888
13.775
15.6908
22.6976
23.0546
12.1478
12.2236
12.1965
12.2133
18.0801
19.8286
11.8328
15.9895
21.702
21.6762
20.7453
20.6646
22.2975
22.1597
19.4011
19.3538
22.747
22.7416
21.7606
21.7516
23.257
23.2644
20.3437
20.3058
23.1746
23.1885
22.1904
22.1988
23.622
23.5832
20.6852
20.6918
23.3626
23.3763
22.3614
22.3803
23.6674
23.5812
20.7859
20.7954
23.4532
23.4152
22.4429
22.4037
23.2886
23.2932
20.8084
20.8132
23.4009
23.3124
22.367
22.3442
23.3281
23.3338
20.8566
20.8624
20.0495
20.0391
18.7525
18.6386
20.939
20.9534
16.9643
15.4862
18.1442
18.1314
16.2374
16.1576
19.4853
19.5061
13.6444
13.7079
16.5607
16.6103
14.0174
14.0837
18.2218
18.2999
12.3297
12.7542
15.3529
15.356
12.3589
12.3781
17.3374
17.3639
11.7803
12.6199
14.4914
14.454
11.9332
11.9569
16.7979
16.8322
12.0871
12.1747
13.8959
13.9406
12.066
12.0497
16.3962
16.4173
12.19
12.135
23.0616
23.026
23.6672
23.5811
22.1218
21.7873
23.8773
23.2939
22.8826
22.8672
23.5633
23.5849
21.7266
21.6838
23.861
23.852
22.6207
22.5935
23.3723
23.367
21.3837
21.3014
23.6174
23.5742
22.4272
22.3819
23.1953
23.164
21.0287
21.0066
23.2734
23.2213
22.2244
22.1754
23.0178
22.9509
20.6673
20.6596
22.8169
22.7816
22.0173
21.9489
22.7352
22.7058
20.5228
20.5129
22.7406
22.7175
22.4654
22.4448
23.2121
23.0988
21.44
21.2332
23.5221
23.0062
21.8399
21.826
22.8004
22.7579
20.4568
20.4335
23.2859
23.2376
21.2917
21.2619
22.3744
22.3778
19.6805
19.6692
22.9108
22.8318
20.8701
20.8471
22.0667
22.033
19.0841
19.0733
22.5149
22.4811
20.5741
20.5248
21.8327
21.7627
18.795
18.7347
22.0948
22.0969
20.3782
20.322
21.5718
21.4955
18.5741
18.5277
21.9852
21.9916
22.8175
22.8622
21.7763
21.6512
23.5389
23.3681
20.2151
19.6796
23.0925
23.1561
21.955
21.8312
23.7869
23.7828
20.0525
19.9097
23.1467
23.1813
21.9897
21.8613
23.7491
23.7073
20.0296
19.6892
23.1727
23.1688
22.0201
21.9488
23.593
23.5033
20.1021
19.8133
23.1487
23.0719
21.9838
21.9217
23.1492
23.1509
20.0831
20.0681
23.0191
22.9448
21.8491
21.7799
23.1365
23.1313
20.0555
20.0092
21.4685
21.3625
21.7991
21.764
20.9171
20.793
21.8363
21.2806
19.7946
19.7361
20.2075
20.1936
19.0229
18.9011
20.3362
20.2874
18.3639
18.3748
18.8737
18.8953
17.5357
17.4663
19.0057
18.9997
17.37
17.3461
17.9112
17.9267
16.4607
16.3752
18.073
18.0746
16.6314
16.5834
17.2026
17.2042
15.6881
15.6642
17.4929
17.4725
15.994
16.0026
16.6497
16.6782
15.0717
15.0667
17.0453
17.0509
23.4833
23.4425
22.6884
22.4758
23.8915
23.6996
21.516
17.6916
23.7395
23.7331
22.869
22.8537
24.1462
24.1151
21.5509
21.51
23.7489
23.7572
22.8211
22.7963
22.8145
24.0647
21.391
21.3389
15.4596
15.9765
18.158
22.2222
12.006
12.4093
21.0222
21.099
12.028
12.0651
12.1687
12.3351
11.8195
11.9202
12.4516
14.1768
11.9285
11.9268
12.149
12.2172
11.7629
11.8664
12.427
12.5144
22.7857
22.6672
23.5335
23.4183
16.0963
21.6977
23.906
23.3426
22.4862
22.4739
23.3925
23.3916
21.1326
17.2015
23.8693
23.8308
19.4111
22.1361
17.2487
21.7806
20.5864
20.5499
18.6659
23.5617
12.3213
12.471
12.4771
12.4485
12.6582
19.6453
12.5123
12.5475
13.7837
12.387
12.6033
12.539
19.5593
19.6199
12.7024
12.7228
19.3036
20.0357
14.7733
12.6503
19.717
19.6666
12.8047
12.7717
19.7364
19.7243
20.7911
20.6502
18.3728
18.2903
21.3476
21.1019
21.1739
21.135
22.184
22.2178
19.6919
19.6514
22.734
22.6982
21.8493
21.8017
22.836
22.8383
20.2927
20.2753
23.2809
23.2519
22.1656
22.1246
23.1026
23.1287
20.5565
20.5241
23.3465
23.325
22.3006
22.2512
23.2493
23.2056
20.6328
20.6236
23.1332
23.1393
22.3492
22.2785
23.1854
23.1175
20.7369
20.7229
23.2038
23.215
20.8133
20.816
19.2644
19.1698
21.9119
21.8182
17.1961
17.158
21.828
21.8167
20.1929
20.189
22.8522
22.8338
17.9837
17.9089
22.211
22.2437
20.6081
20.6065
23.1759
23.1424
18.3055
18.2698
22.3911
22.409
20.8162
20.7452
23.199
23.1497
18.4509
18.463
22.4873
22.4471
20.8786
20.8509
22.9435
22.9479
18.6075
18.5745
22.4954
22.4563
20.8841
20.8681
22.9945
23.0026
18.674
18.6986
21.2087
21.1314
21.359
21.2915
20.789
20.7371
20.9778
20.5555
19.1189
19.1647
19.3575
19.3915
18.6615
18.6387
17.2132
17.0533
17.3428
17.3516
17.6868
17.6965
16.8208
16.8814
17.6089
15.2366
16.0409
15.9976
16.3754
16.3777
15.5064
15.505
16.4176
15.4793
15.228
15.0828
15.5488
15.4533
14.7223
14.6905
15.2402
13.8426
14.5401
14.5173
15.0079
14.8596
14.1653
13.9722
14.9662
13.801
23.9876
23.9247
23.5229
23.3974
24.1147
23.87
22.7177
22.3182
24.0046
23.9798
23.5114
23.4827
24.1121
24.0783
22.5656
22.492
23.8538
23.8628
23.2999
23.2911
23.8919
23.8457
22.2664
22.2083
23.6809
23.6618
23.0715
23.0697
23.6238
23.5265
21.8859
21.8813
23.5103
23.4701
22.9008
22.8462
23.0731
23.0713
21.557
21.5312
23.3201
23.2297
22.6355
22.5836
22.9835
22.9895
21.4265
21.4289
23.6793
23.6791
23.5041
23.4445
23.6794
23.5023
22.9774
21.8689
22.8976
22.9271
22.646
22.6362
22.8461
22.8471
22.0767
22.0619
22.1782
22.2026
21.8732
21.843
22.078
22.1054
21.083
21.1328
21.6578
21.645
21.3004
21.2371
21.5
21.4586
20.3672
20.2453
21.2553
21.2482
20.8871
20.8333
21.014
21.0192
19.8893
19.7309
20.9681
20.9003
20.5601
20.5264
20.7973
20.7744
19.7421
19.6716
23.7287
23.7032
23.2766
23.2647
23.8607
23.6884
22.5804
22.2224
23.3328
23.3754
22.7922
22.8524
23.5289
23.5306
21.9578
21.9958
22.7815
22.8436
22.2369
22.3414
22.9974
23.0748
21.2851
21.3549
22.3537
22.3511
21.7684
21.9138
22.4894
22.5044
20.7294
20.8495
22.2264
21.9491
21.6197
21.5712
21.9643
22.1302
20.6129
20.5989
22.46
22.2531
21.7156
21.6268
22.3759
22.2962
20.5818
20.5661
-1.46938
-1.43888
-1.53798
-1.46726
-1.4486
-1.37571
-1.36876
-1.2323
-1.28637
-1.16193
-1.17519
-1.13784
-1.16811
-1.11293
-1.115
-1.07646
-1.2105
-1.13307
-1.32057
-1.28079
17.2574
20.6561
14.7721
17.1723
7.11972
10.6393
8.10051
10.1455
8.4542
9.85542
7.40339
9.77918
6.67923
9.62371
5.78238
9.0581
14.435
18.1098
17.8804
21.4459
16.8608
17.4983
18.9059
18.6407
16.1043
15.8787
10.2481
8.57617
8.31738
13.8988
12.4261
17.7593
17.1169
18.3247
16.9387
17.1874
11.6433
14.1321
5.72821
9.66604
-1.09509
-1.03822
-1.08932
-1.06397
-1.12419
-1.16661
-1.26818
-1.27815
-1.38954
-1.39
-1.46393
-1.47864
-1.53692
-1.5027
-1.46188
-1.44624
-1.34573
-1.25941
-1.14941
-1.13453
3.28254
4.91056
5.04965
7.1928
7.07989
8.81316
8.0849
9.67431
8.31323
9.44874
7.21924
8.59423
7.69686
7.50933
3.5278
5.83598
1.65114
2.74191
1.77641
3.09638
6.13171
7.65553
7.37213
7.89317
7.49796
7.83009
7.44361
7.79747
7.26172
7.93965
7.01191
7.98393
7.19991
7.53283
5.44072
6.33006
4.35927
5.51859
4.48246
6.56171
8.67565
9.5968
4.43466
6.81322
5.27102
7.97975
6.06516
8.58368
5.66431
8.15168
4.61386
7.11183
3.76456
6.12702
6.27828
5.69092
13.0309
12.5803
15.9935
14.657
6.4424
6.46041
7.13025
7.25011
7.85143
8.06575
8.35957
8.46885
7.97639
7.97159
7.25818
7.18495
6.37575
6.38704
5.89742
5.8361
5.80967
5.53869
6.46962
7.8375
10.5692
9.56743
10.9343
18.0385
12.0791
19.4182
12.0111
17.7386
14.0771
15.3364
10.2264
8.06802
7.87902
12.6718
11.2419
17.6512
10.0265
19.8967
8.82407
14.7713
17.3055
17.6606
11.2261
18.585
5.99141
10.0743
7.30626
8.35667
6.69019
8.91481
4.24307
8.07856
3.20442
6.37938
8.10617
7.77153
8.36864
6.61774
13.0924
13.0334
18.7898
18.841
18.402
18.3233
15.2739
14.7991
8.67422
9.35406
9.51639
9.54311
9.02512
9.1226
7.87014
7.89169
7.77972
6.63459
7.08748
8.8368
16.3275
16.5367
21.9164
20.7784
16.0626
15.0235
7.40573
10.4022
7.85844
9.46901
8.37379
9.7537
8.6434
9.40093
11.9394
8.57255
15.4383
15.0795
20.0687
21.1204
21.7435
22.3216
6.85177
7.79033
6.90198
8.50343
7.82652
9.38243
9.32245
9.71648
8.48543
8.70913
17.8969
18.9512
19.5863
21.6276
21.0464
21.7934
19.1026
18.9512
7.05998
6.91928
7.85158
7.75517
8.91928
8.97834
9.88172
9.97951
10.7425
9.88335
11.2597
12.2787
19.4974
19.7499
21.7016
21.7786
21.5446
21.3047
18.1381
17.2518
6.64842
7.06586
11.0278
20.2517
9.53763
17.1531
10.2456
11.5783
10.4843
14.5709
17.7404
20.6173
21.078
21.9363
21.7611
20.8197
11.9174
14.9022
6.3732
11.2486
8.2124
18.6224
12.4658
14.6187
4.06931
7.47111
5.50301
8.45324
6.38246
9.41568
6.66754
9.582
6.52665
8.55386
9.17564
12.5796
16.9883
19.2274
20.3747
21.3789
19.1191
20.1822
15.4221
15.0743
7.4554
9.1125
8.93766
9.20016
10.1659
10.2737
10.2712
10.2398
10.7606
9.13715
13.4039
14.5057
19.9768
20.4904
22.0272
22.0464
20.8876
20.7415
10.9412
9.62522
11.3708
14.2553
17.3425
18.3008
16.9995
19.0469
10.5331
15.8398
8.58507
8.99689
14.5895
15.6351
15.7819
16.6222
14.9244
13.3773
15.5643
8.62302
9.94592
11.4978
6.50542
9.05174
8.28334
9.37743
8.77451
10.0262
7.16648
9.20758
6.86702
7.87039
15.0925
16.7486
21.4363
21.3132
22.4582
22.263
19.7297
19.9741
11.098
9.81619
7.77053
11.8116
10.1226
14.9279
10.1877
10.7653
9.75609
9.59359
9.59599
8.36768
16.885
17.6064
21.2071
21.4679
22.0924
21.8332
19.6589
18.7018
12.5254
16.8012
15.5656
16.2914
15.4205
15.6497
8.88107
12.4902
9.38283
11.8008
15.0935
15.761
17.4853
16.2665
9.69309
12.1556
7.55199
10.7818
9.36999
16.9642
17.4808
18.2636
6.10643
9.13562
5.29401
8.29835
7.88002
9.5358
8.48041
9.48969
7.17657
8.07722
5.96415
6.45318
15.6764
16.2826
20.7144
20.6296
21.222
21.0955
18.725
18.5595
9.32271
8.00779
8.75227
9.32695
10.0261
10.1335
9.81602
9.7307
8.29929
8.26504
7.38703
6.41753
17.0716
17.9961
21.3623
21.5545
21.76
21.7066
17.4393
13.2818
8.08313
9.07786
11.9289
14.7854
16.0143
19.2284
15.8267
18.6269
8.31698
13.3903
6.70918
8.9833
13.6324
14.1145
15.0129
14.6212
17.2891
14.2722
-1.1219
-1.05675
-1.2099
-1.03171
-1.24785
-1.12484
-1.34556
-1.22688
-1.48304
-1.24615
-1.50459
-1.37401
-1.5451
-1.48217
-1.44771
-1.43219
-1.32207
-1.27665
-1.16901
-1.1006
4.03688
5.59915
5.83923
10.2608
7.23679
8.97279
7.87771
9.78051
7.97218
9.50492
7.01226
9.12727
16.1155
19.0303
19.4618
21.7221
17.3808
21.6579
14.2216
17.4039
13.6143
18.1513
17.8257
18.3245
15.835
17.6495
8.80549
12.4648
7.79737
12.4675
15.4622
17.4587
19.0854
18.366
13.3094
15.1115
5.40587
8.80155
6.42764
16.068
-1.47986
-1.45275
-1.52691
-1.43947
-1.45982
-1.36605
-1.37659
-1.30053
-1.32434
-1.15177
-1.30829
-1.17243
-1.31874
-1.22314
-1.29335
-1.23486
-1.31993
-1.28974
-1.39122
-1.37344
18.0296
21.0337
13.0099
16.29
4.63867
9.81685
4.57701
8.34117
4.47113
8.21795
4.76993
7.64793
6.48854
6.94609
6.81931
11.7074
15.2827
19.8644
18.7927
21.5944
19.482
18.422
17.4747
16.6489
8.48128
9.16546
10.9586
14.6932
14.0911
19.196
16.2266
19.1845
14.8491
15.918
5.87499
8.71084
9.60783
10.7102
15.8493
16.1056
18.1664
19.435
10.9195
12.9653
5.30358
9.36135
6.36058
9.61149
6.18587
9.31552
4.84707
8.02662
5.58275
6.40671
13.2205
14.8009
19.9228
20.423
20.8009
21.5119
18.8781
18.7479
13.6036
12.8291
9.05061
10.3265
10.0899
10.1537
11.7475
11.2726
9.14962
11.754
7.55432
7.25711
13.2219
11
19.0602
16.7034
20.5723
19.3552
8.11993
11.4194
16.5969
16.8277
17.4995
17.5468
16.6762
15.3728
15.3308
9.80975
8.76428
11.0213
11.7472
14.7103
18.8564
18.6238
18.6331
19.2224
13.7161
15.9422
20.4468
20.515
20.5728
21.7042
18.0245
20.5784
12.1678
14.9223
9.22045
10.916
8.95434
10.0425
7.00138
9.04431
5.3966
7.60541
7.64808
6.477
14.9297
15.008
20.9161
20.9841
21.6281
21.6053
19.9442
19.598
13.1643
11.9277
9.79828
11.5206
10.2036
10.2767
9.37404
9.21992
7.9683
7.71004
8.03362
6.29545
16.4164
16.7723
22.0526
22.4892
20.839
20.5908
14.0785
13.8635
7.52326
10.4581
8.46179
9.87031
9.32099
10.0694
9.38886
9.41524
8.94911
8.35931
13.4808
17.0404
18.8755
21.7206
6.30919
8.03509
4.08047
7.31273
5.51018
8.13624
7.3466
9.29225
9.25008
9.22269
12.5656
14.25
19.0308
20.1138
21.9496
21.86
21.0947
20.9084
15.6825
15.3163
6.7412
8.28087
7.78471
7.87827
9.03558
9.28653
10.0414
10.082
11.2679
9.66005
13.8338
14.563
20.215
20.5728
22.1041
22.1701
21.3427
21.0354
16.1238
15.5657
10.8795
17.4959
14.5901
20.0841
12.7002
19.0129
9.56257
13.6837
9.98853
11.0023
14.8009
19.0012
20.5937
20.7554
18.2791
19.4377
14.6229
11.706
7.25315
12.6138
10.2639
12.4144
5.12107
8.02838
5.69494
8.6733
6.07216
9.47561
5.76974
9.13522
6.39464
7.81918
12.7753
15.6751
19.3533
20.5875
22.389
22.1348
20.2793
20.1506
12.6979
11.629
7.79583
10.6802
9.07745
13.6971
10.0414
11.6623
9.63908
9.6145
9.61471
8.42826
16.1428
16.9719
21.0137
21.341
22.245
22.1746
20.2223
19.9375
10.2505
15.5127
15.1284
16.0095
15.9935
16.261
12.5158
14.3919
7.08688
7.76613
12.3412
14.2822
16.9003
16.2771
12.1898
14.0024
7.02983
9.6982
7.28848
15.431
20.4647
20.276
12.5464
13.7932
6.46743
9.78945
7.79865
8.91385
8.2295
9.62012
6.60936
8.85213
7.79623
7.68342
13.7539
14.8829
21.3674
21.1606
22.4382
22.2531
20.145
20.0088
13.7508
12.786
7.64398
10.5055
9.18815
9.28399
10.8237
14.2802
9.35034
14.7226
10.0093
8.61606
15.216
15.7846
21.019
20.5765
22.1474
22.078
15.722
14.6302
15.0334
14.4829
9.94784
9.68455
9.99405
13.069
13.5715
17.0384
14.0015
16.6639
13.8349
14.8253
12.4648
12.8479
8.67324
10.8887
10.1234
9.2485
19.4624
19.5214
12.6402
15.8528
4.68508
7.56195
6.3873
8.75258
8.24217
9.41325
8.47423
8.86859
6.50269
7.40258
6.98821
8.07145
17.2682
17.2968
20.1622
20.0559
20.1667
20.1122
15.6543
15.1554
8.24011
9.72248
9.52724
9.67346
9.9191
9.93435
9.0145
8.9895
9.05654
7.40931
10.6619
12.5745
18.9749
19.4443
21.2177
21.2341
20.6695
18.3422
14.2738
12.4495
8.92571
12.3005
12.1381
18.1945
11.9876
19.5004
9.68322
16.6296
10.5566
9.088
14.7187
14.3833
17.8475
18.2432
20.1395
19.2912
-1.44737
-1.4018
-1.51971
-1.48214
-1.47029
-1.40778
-1.42176
-1.35491
-1.26302
-1.23714
-1.18287
-1.19419
-1.07657
-1.09341
-1.04826
-0.982301
-1.11617
-1.05435
-1.3156
-1.20206
3.02522
9.61858
4.07527
7.13873
4.8981
8.08411
6.06855
8.977
6.23852
9.02227
4.40712
7.89234
1.7927
5.52241
0.120249
2.79785
1.95706
7.66796
2.54785
10.0108
7.51573
13.9334
8.07506
12.4974
6.57815
10.0756
5.9054
8.37437
6.30422
6.82936
6.30902
13.4388
11.6619
17.3578
17.6611
19.7615
12.9712
18.5428
6.119
10.8418
-1.00029
-0.95582
-0.98728
-0.888112
-1.06728
-0.999648
-1.26371
-1.09863
-1.38807
-1.27289
-1.49104
-1.40408
-1.51168
-1.4366
-1.41859
-1.35333
-1.28365
-1.25051
-1.17069
-1.04516
4.23468
6.23128
5.96884
8.94027
6.49897
9.22315
7.25297
9.62557
8.059
9.53583
7.23603
9.85728
16.6005
19.1214
20.1247
21.8758
18.5154
21.4142
15.02
17.5358
13.8168
18.3635
18.1057
18.6309
15.8394
17.9441
8.19307
12.7969
8.11511
12.4488
15.6483
17.7152
19.335
18.6932
13.8106
15.5098
5.6512
8.58815
6.40359
16.0655
6.51039
5.96658
4.27995
6.38934
4.94691
7.23825
5.90768
7.90319
5.58847
7.87526
4.80229
6.95146
4.04185
5.86569
5.49946
5.23557
6.0376
5.19319
6.48781
5.60243
5.96116
6.05118
6.56545
6.54772
6.98998
7.2649
7.55126
7.62387
7.47264
7.46788
6.94191
7.04735
6.14508
6.17235
5.61355
5.41757
5.43458
5.23707
5.67256
5.48228
7.48736
8.15132
6.13123
6.80111
5.04007
5.97051
4.67624
5.91974
4.73667
6.27724
5.04234
6.7381
6.50336
7.53657
7.15913
8.12147
7.16247
8.41317
7.42387
8.5144
16.9136
20.9033
10.8206
18.3004
8.21773
11.8181
8.5051
9.47949
7.85754
9.25986
5.71126
8.12429
5.25488
7.09698
7.21557
6.30548
15.0034
15.0866
19.5473
20.2754
21.4405
21.4068
19.0366
18.7048
11.2186
9.54104
8.9723
10.1498
9.43521
9.46011
8.67374
8.65916
7.7959
7.80035
7.98878
6.42686
16.8419
17.6391
21.1936
21.2626
21.4381
20.4381
18.2308
17.365
6.83654
8.33193
7.97527
14.2096
10.7258
18.0281
10.8254
17.631
8.61019
13.6286
8.76678
7.62787
15.5492
16.7417
19.4269
19.9595
6.21815
8.21086
7.46963
9.1485
8.6157
9.49461
8.89925
8.74827
17.1868
18.4228
20.1376
21.5758
21.3464
21.7437
19.6736
19.3965
10.2991
9.73772
6.06217
8.4743
8.4978
8.41808
9.48197
9.48336
9.79608
9.55724
8.97646
9.34053
19.2001
19.5496
21.9103
21.9729
21.8006
21.6479
19.0008
18.1639
6.85911
6.39861
7.2554
7.39156
8.49428
9.69382
9.53031
9.90553
11.0971
9.48963
11.6501
16.1222
18.2698
21.4387
21.1063
22.4102
21.7382
21.1452
13.8357
15.968
6.38377
8.76026
6.68108
8.8118
8.1808
7.64403
4.52454
6.74227
5.30218
6.98018
6.47142
7.52811
6.16195
7.50052
5.30379
6.93199
13.2223
14.7006
19.1545
18.7407
19.8807
19.3289
17.1815
16.4266
6.06513
6.2331
6.40384
6.569
6.74711
6.97508
6.85745
7.55989
7.12932
7.1158
10.1983
10.6362
15.1696
15.4675
17.1969
16.8943
16.4445
12.5815
10.0336
8.77306
9.16965
17.0206
7.0047
7.36573
16.4396
17.1821
19.6812
20.2611
20.8171
20.1907
20.7853
17.4192
15.4484
9.0581
12.0776
16.4127
15.3079
21.7248
17.1275
21.7022
22.2679
22.105
20.4077
20.2991
13.2885
14.0118
6.885
9.21924
8.04586
9.05099
7.27199
9.40902
4.99659
8.55642
6.13332
7.44687
14.7956
15.6517
21.5594
21.3229
22.1507
22.1223
20.202
19.9262
13.5761
12.0546
8.07381
9.61088
9.35909
9.43231
9.76453
9.7479
9.21067
9.26447
9.14584
7.98079
16.1699
17.0268
21.4713
21.5304
20.8241
20.984
20.3014
19.9878
14.7371
14.4896
8.74498
12.4292
10.4668
16.961
13.9165
20.1907
11.5337
18.2712
8.00876
12.6319
7.75603
11.2821
16.0663
18.7471
5.74253
8.68045
7.47353
9.07989
8.82388
9.60936
8.2518
8.59503
6.52423
6.66115
13.7242
16.0604
19.5058
20.7042
21.7251
21.7101
19.8436
19.9354
9.4221
11.6376
8.53887
9.95606
9.6512
9.59078
9.78447
9.68475
8.7507
8.5837
8.96291
6.97782
15.7266
16.2846
20.7264
21.0116
22.0124
22.0021
20.5882
20.1688
13.2895
12.5531
10.4464
18.3004
11.8859
20.7601
9.39794
18.0392
8.7963
10.9189
7.95004
11.0749
14.8325
19.8179
21.168
21.5429
19.3761
20.3658
15.8985
13.2255
8.4171
14.3995
-1.18928
-1.18041
-1.24935
-1.21237
-1.31569
-1.24384
-1.31298
-1.27792
-1.40272
-1.30769
-1.45344
-1.37937
-1.5236
-1.48511
-1.43749
-1.39552
-1.30336
-1.28267
-1.20022
-1.19136
3.90375
5.7568
5.49303
7.6219
6.9198
9.09421
8.15699
9.93043
8.01115
9.89283
7.69408
9.45201
13.1481
9.9316
15.2992
10.4185
17.5265
15.1393
13.0767
11.2687
6.52376
8.10268
7.89969
8.10189
9.55819
10.3632
8.28868
8.68259
11.0111
13.365
14.1558
13.7932
11.3085
10.6188
5.75315
6.79399
4.77023
5.86893
4.79005
6.96569
-1.46904
-1.43997
-1.53743
-1.47583
-1.49392
-1.39258
-1.34229
-1.27359
-1.22034
-1.13471
-1.20928
-1.00277
-1.14305
-0.994838
-1.11698
-1.02932
-1.1834
-1.09444
-1.3249
-1.31323
18.0095
21.3052
14.1677
16.9175
6.09421
11.0137
6.56068
9.5957
6.84732
9.42464
6.50587
8.7961
7.21342
7.42818
7.29816
11.6629
16.4428
19.4115
18.91
22.0309
19.3048
18.5506
18.0616
17.3463
10.7686
10.2051
10.4533
14.0072
11.9574
18.4086
17.0505
18.9261
17.0385
16.6741
7.76112
11.6804
7.26364
8.5683
14.8523
15.5254
6.51958
6.86903
5.1028
7.31193
6.2651
7.94688
7.57132
8.68292
10.8538
11.8917
14.5103
15.5344
14.3639
16.22
15.6835
15.3386
11.9777
10.7302
7.18028
6.83048
7.04583
7.05283
7.41745
7.42253
7.90192
8.15231
11.4729
12.3456
16.6411
16.8098
17.6645
17.6691
16.5268
16.1997
12.816
11.396
6.15746
6.54338
6.76703
6.57541
8.93151
9.45614
9.26439
7.6062
17.3504
18.0725
21.0621
21.9798
22.1953
22.0813
21.8197
19.185
16.1749
10.3508
8.11541
11.8074
8.32041
12.012
8.74308
11.1309
19.6699
20.075
20.0837
21.5866
18.9012
20.7622
15.2291
16.2158
9.6449
10.5984
9.59152
10.1826
8.04263
9.50383
6.9729
8.39846
8.74994
7.32172
14.1295
13.9391
19.5798
19.6792
21.6546
21.6902
21.3514
21.1539
17.8309
17.1399
9.58701
11.5003
10.1321
10.1688
9.73674
9.68453
8.67638
8.4174
9.30197
6.98073
11.8376
12.3567
17.3568
20.9707
22.1151
22.467
21.4776
21.5486
18.418
16.3221
8.82347
11.3126
8.82115
10.8131
9.83375
10.1756
7.86535
8.86702
8.0125
7.32569
7.73845
13.3307
2.95632
9.43707
3.36883
6.34622
5.28213
7.83859
7.13749
8.93968
7.46682
8.41402
6.47548
7.06595
12.9881
12.0106
15.3481
15.4536
10.8284
10.6058
9.02972
6.09105
6.60894
6.86286
7.72227
7.87691
8.98663
9.1923
9.61025
9.703
9.3621
8.95748
13.1361
14.1867
16.8906
17.1527
17.3155
17.337
15.0618
14.6153
6.9409
6.74651
8.66479
10.6474
8.35857
9.87079
9.23087
10.2476
8.79157
9.51377
9.21912
8.66318
11.3276
11.5585
17.6268
20.4003
22.1839
22.4116
21.6639
21.2833
20.0858
15.8277
16.8057
16.9909
4.35176
7.12789
5.58326
7.98878
6.43421
8.93851
6.42248
8.67954
5.39181
7.59535
4.30399
6.66372
7.27785
6.21362
13.963
13.329
18.6155
18.1206
5.85126
10.3429
6.48075
6.65529
7.57329
7.91742
8.45126
8.61248
8.27792
8.43246
7.63243
7.75082
7.07374
7.01808
6.71389
6.34161
7.98081
7.43994
15.3501
14.0853
8.60777
14.1689
13.9197
20.0408
13.6918
20.7743
14.2711
18.7104
13.2272
12.5839
7.23819
11.4445
8.89279
15.9237
13.896
17.9235
12.4416
19.8319
10.7597
12.2509
13.3383
15.9963
5.47356
12.0208
6.61681
7.64219
7.66507
9.07131
6.51506
9.1651
4.52698
7.78196
5.96408
8.37655
6.58949
7.40836
10.0443
9.99488
14.8124
14.7349
17.4744
17.4361
14.5251
14.2671
7.89093
8.479
9.48024
9.56803
9.8574
9.98569
9.01607
9.09579
7.76355
7.76519
6.76059
6.9092
14.7504
15.3514
17.7672
17.8336
21.0013
18.5029
10.7163
8.26699
8.11542
12.0741
8.65107
14.5355
9.8562
15.0906
9.77164
11.354
12.1198
8.05058
18.8569
18.428
20.9915
21.4041
21.9933
21.3686
6.78126
8.45885
7.05597
8.91862
8.92971
9.92885
9.87641
10.0739
9.62666
8.91373
15.8741
17.2199
19.6407
20.767
21.5007
21.7074
20.0226
19.6864
11.5728
11.3174
7.963
8.06967
9.31295
9.34987
10.2725
10.4265
10.3922
10.2582
8.99856
9.54061
18.161
18.4247
20.9112
21.004
21.1868
20.9765
18.5101
17.5147
7.70292
6.5674
12.8165
21.1722
9.80048
16.7452
9.80627
9.88461
14.0294
16.6099
18.9438
20.7536
21.341
21.3863
21.0001
19.368
6.03394
10.4911
8.33657
13.0056
12.4408
20.0045
-1.37207
-1.29741
-1.46037
-1.36002
-1.44354
-1.30136
-1.36547
-1.31782
-1.2327
-1.07409
-1.14647
-0.983967
-1.08315
-0.92326
-0.952511
-0.922083
-1.04717
-1.00327
-1.21512
-1.15471
3.26528
4.7277
4.9531
6.80907
5.96142
7.98856
6.06921
8.59786
6.72444
8.61461
6.38937
8.05892
5.08787
6.72435
3.56631
4.63806
2.12874
2.98092
1.99778
3.06104
7.28244
7.69907
8.82571
8.08097
7.21186
11.1341
7.22459
7.93455
7.26645
8.09103
7.23167
8.03264
7.17323
7.23612
4.92639
5.62989
3.94389
5.18219
4.16907
6.24263
-1.29424
-1.26066
-1.29235
-1.24589
-1.24802
-1.19029
-1.20381
-1.06599
-1.28123
-1.13954
-1.39285
-1.28775
-1.47997
-1.41665
-1.38394
-1.38063
-1.3296
-1.30674
-1.27234
-1.26534
11.2929
12.3727
5.05309
10.962
6.73376
14.571
4.98538
15.4111
5.43524
8.67709
6.93354
8.38365
11.1244
15.3498
17.4381
20.5616
19.316
21.3716
16.861
18.7757
10.298
14.8239
12.5439
13.4174
12.7466
13.0905
9.76917
11.3207
10.3184
10.7921
14.4248
13.5244
15.3815
13.3577
6.31704
7.56835
10.9639
13.9709
9.80104
16.3603
19.3967
20.9984
12.3647
16.2436
5.69643
9.31107
5.95556
8.82375
5.60723
8.33295
4.74351
7.39312
5.81492
6.22662
11.306
11.9943
20.0959
20.176
22.0689
22.1936
20.8889
20.786
16.5429
15.918
8.77441
10.2501
9.547
9.7199
9.17294
9.12756
8.19485
13.4326
7.73046
8.02809
11.352
11.356
19.7703
19.3144
21.9016
21.8782
16.1179
16.3763
17.865
17.5973
15.0353
14.9044
9.19088
9.33027
8.5905
14.2933
12.2783
17.0563
15.4922
16.9415
16.0764
16.2593
13.4358
14.4568
6.42002
8.78576
18.777
18.9013
16.1915
19.4615
10.2168
17.2557
7.61289
10.4981
8.05415
9.11587
6.80017
8.90769
5.02244
7.93898
5.02835
7.06799
7.02088
6.4074
15.1062
15.0348
19.7818
19.8129
19.2229
19.1152
15.7332
15.1335
8.00801
9.10127
9.21965
9.29709
9.29713
9.3293
8.64079
8.5245
8.49858
7.18885
8.31904
10.102
17.5181
17.7307
22.1662
21.2613
17.4787
16.6588
6.65174
9.76997
7.33148
9.73217
7.8043
10.8725
8.4248
11.4747
11.1563
9.89838
13.839
13.4757
19.284
20.4472
21.4047
22.2122
6.9912
9.28608
5.99591
8.31231
7.14783
8.94186
8.6469
9.38259
10.1042
8.88113
12.8965
14.0284
18.5612
20.1328
21.5362
22.0385
21.4642
21.2229
16.3598
15.9267
7.45977
8.63927
8.45704
8.54541
9.4027
9.58236
9.74421
9.90876
10.4137
8.9621
15.1439
15.6768
20.2243
20.4826
21.6933
21.6656
20.4933
20.0126
14.5099
13.0276
17.011
20.9865
12.5076
18.9805
9.07126
12.6719
10.0813
13.1904
16.6388
18.8211
19.9713
20.253
20.4188
19.0147
8.43462
12.1846
8.75066
13.7197
14.6573
19.9122
16.0656
15.8628
4.42667
7.62091
6.17219
7.75525
7.70855
8.80329
7.4884
8.88364
6.67442
8.28073
9.00676
10.4888
18.8457
18.4039
21.4471
21.0059
20.7818
20.2802
13.2807
9.68355
6.69218
7.15406
8.02626
7.89339
10.7167
10.1605
8.46418
9.2503
9.05547
8.30571
10.9569
11.7606
16.7252
15.1499
18.4173
15.2526
17.1976
12.6053
9.45406
14.0652
10.9783
12.4111
16.2785
16.8601
17.8065
17.7728
18.3527
16.4861
17.9979
12.7645
8.88461
11.281
17.6784
17.6934
20.7057
21.3885
19.6293
20.0652
10.5901
11.9578
6.7496
8.83476
8.47629
9.05397
8.85805
9.68746
6.93077
8.98382
6.55832
7.63794
14.3376
16.4106
21.2244
21.2023
22.349
22.1994
19.8162
19.9923
11.94
11.0414
7.73398
10.1455
9.25827
14.066
10.0084
10.5743
9.61698
9.51971
9.97086
8.69918
16.6258
17.3905
21.203
21.5033
22.2262
22.1369
19.9967
19.1032
10.3247
15.8448
15.6713
16.5585
16.712
16.9447
12.8993
15.0402
8.37357
9.10583
13.3699
15.0898
17.3208
16.5543
12.0159
13.9006
5.93663
8.7374
6.13229
15.3162
17.1911
18.5054
6.15108
9.65189
4.92574
8.20083
7.83783
9.19179
8.40641
9.30261
7.26623
8.1816
6.5149
6.76486
16.1007
16.3556
20.9028
20.7806
21.4483
21.2971
18.959
18.7938
9.73161
8.46679
8.69738
9.06287
9.74968
9.79421
9.6642
9.47325
8.47199
8.42911
7.72228
6.74218
17.1507
18.0496
21.4126
21.6094
21.8713
21.791
17.2445
13.319
8.60701
8.39711
11.4247
14.6639
15.9004
18.777
17.2518
18.5783
9.96165
14.2411
6.89874
8.42012
12.6991
13.281
14.1789
13.6441
16.7942
13.6848
-1.41526
-1.40118
-1.52797
-1.49689
-1.47349
-1.43228
-1.43942
-1.32362
-1.34549
-1.32405
-1.32056
-1.29227
-1.23212
-1.22794
-1.11921
-1.0987
-1.10882
-1.0782
-1.27542
-1.22354
10.4262
15.1136
10.7984
13.373
6.75793
8.87637
7.5635
9.80577
7.05243
9.58032
5.61269
8.65941
3.04092
6.22968
1.37646
3.96716
2.75865
2.64055
8.46382
10.5605
9.6608
9.2375
17.7957
18.4583
20.5458
20.6821
20.5772
19.908
19.4818
15.6056
14.5427
9.57637
9.17037
14.9681
15.0336
19.7405
17.3876
20.7865
7.88551
17.2823
-1.073
-0.954454
-1.09613
-1.00501
-1.13032
-1.00543
-1.21034
-1.145
-1.34332
-1.36237
-1.48046
-1.451
-1.51919
-1.46787
-1.41642
-1.34977
-1.30569
-1.19941
-1.14985
-1.02626
3.33563
4.83132
5.39662
6.86738
7.07191
8.3388
7.81137
9.13604
7.37935
9.03795
6.95122
8.12641
5.13196
11.2844
2.67329
8.73467
1.57432
2.70949
2.00093
3.00654
6.02943
7.60186
7.20157
7.62553
7.19902
7.5614
14.8764
15.7623
8.39747
11.5047
7.31992
12.4352
16.1005
16.353
8.40424
10.5738
4.32803
5.57782
4.53458
6.55096
15.8103
19.3052
12.1057
16.557
5.89138
8.87911
4.51939
7.97443
4.41694
7.71302
4.97311
7.51974
5.24138
6.8006
5.71068
6.07591
15.3866
15.5029
19.1502
19.1818
20.1208
20.0462
16.4204
15.9579
7.60097
8.71343
8.59509
8.86522
9.03372
9.06351
8.40514
8.38642
7.45317
7.23618
7.60673
9.98899
17.7514
18.2991
20.6296
20.6657
21.1639
19.0954
14.6201
12.8671
8.74543
12.4339
10.9493
17.7437
10.5237
18.1777
9.29767
15.5759
10.6035
8.49089
15.3869
15.0574
18.7792
19.4133
20.8397
20.3723
18.9708
19.9527
12.0323
14.7882
5.13483
7.57063
7.7965
8.14671
8.97871
9.18154
7.15053
8.78595
6.87692
7.44395
9.65251
11.6098
19.1425
19.2996
21.3403
21.2484
20.3808
20.2728
14.8044
14.0837
6.85784
8.79615
8.51009
8.74026
9.50134
9.60357
9.26597
9.109
9.14982
7.83236
13.0439
14.7426
20.2731
20.6224
21.9267
21.9148
19.4278
17.2445
14.3224
12.9779
7.63528
10.8582
11.6914
17.7217
15.325
19.5124
12.9153
18.0375
9.22921
11.8484
11.2647
11.2883
14.823
15.2015
18.1543
17.0518
4.74989
7.0378
5.31178
7.73041
6.79073
8.85331
7.94524
8.99968
6.91776
7.66772
5.61997
6.38094
17.895
18.2278
21.9485
21.7244
22.3401
22.1053
19.0475
18.9001
6.94667
7.67732
8.2525
10.8154
9.29026
10.1783
9.12434
9.12181
8.4423
7.90352
7.23178
8.44835
18.2587
18.8001
21.6159
21.8044
21.9291
21.6617
18.5414
17.6819
15.3035
18.8828
18.1516
18.5598
15.0877
17.2792
8.85501
10.2774
9.96386
13.583
16.208
17.3513
18.7928
17.898
11.8385
14.1198
6.37701
10.6636
10.0731
18.0075
11.1495
12.0238
3.89992
9.05287
5.08196
7.87218
5.79224
8.46602
5.66622
8.38241
5.95333
7.46687
12.974
15.7721
20.132
20.799
21.8444
22.1099
19.9428
20.0309
11.1252
9.45257
8.15148
10.925
10.4425
13.9691
9.41031
9.7937
9.18796
9.81488
8.93863
8.17038
16.252
16.9569
20.6616
20.8423
21.5129
20.7142
19.3227
17.677
14.1698
16.7635
13.8565
14.2727
9.63198
11.7414
9.54388
10.6338
13.9872
14.5709
16.9859
15.815
16.7624
14.3298
6.68632
6.85788
13.3462
15.438
13.8147
18.3321
20.9947
21.6357
16.9817
18.4282
7.10308
8.13424
7.34727
9.12097
6.27631
8.6941
4.23423
7.15186
4.87547
6.2115
6.59616
6.05452
18.8697
18.6874
22.0467
21.8929
21.6857
21.6309
18.4254
17.9899
8.40323
9.50117
9.40377
9.49202
9.24055
9.15048
7.96201
8.00758
7.66706
6.75686
6.75781
9.61034
18.9493
19.4899
22.0747
22.0835
19.6892
19.1586
18.6309
18.0286
11.7472
11.3214
8.98639
13.5177
12.0548
17.3898
15.2918
18.7297
15.1197
17.2556
6.41271
12.4716
7.43557
9.49732
15.2733
16.4619
5.27885
7.11448
6.85971
8.28222
8.38414
9.25373
9.31199
9.01764
11.0991
15.1422
17.81
20.0829
20.2242
21.3324
20.1317
20.052
14.0684
13.8844
5.00602
8.01834
7.41839
7.53858
8.53197
8.80269
9.62068
9.5468
10.5625
9.05531
13.3166
14.1693
19.8189
20.0496
21.4098
21.4676
20.6174
20.3175
15.7333
14.6777
6.51569
7.58666
7.40647
10.0316
8.72905
11.118
8.54333
9.6856
10.2196
8.50982
9.17305
12.7329
14.6315
20.6638
21.6532
22.3884
20.8865
21.5566
17.7929
15.9794
8.43674
10.0057
-1.43938
-1.39548
-1.50254
-1.49728
-1.43423
-1.4439
-1.42558
-1.47798
-1.39923
-1.41366
-1.37354
-1.36414
-1.341
-1.34474
-1.22384
-1.16645
-1.19116
-1.06589
-1.28838
-1.20794
7.07579
9.5213
6.20293
8.69761
6.8379
8.92727
7.3676
10.0308
7.82068
9.95693
6.52962
8.66883
4.08196
6.8367
1.907
5.07709
0.648616
3.61134
2.07868
3.32622
10.9145
9.87866
15.1336
16.3379
19.9509
20.1687
20.9043
20.6946
20.6592
18.3142
18.9713
11.1971
7.78509
13.7729
13.9772
19.0274
17.2876
21.393
10.9808
19.6167
-1.18569
-1.04955
-1.16145
-1.06261
-1.1529
-1.04782
-1.18434
-1.08927
-1.30356
-1.07668
-1.43026
-1.26124
-1.49589
-1.42604
-1.41507
-1.3441
-1.36383
-1.24802
-1.23794
-1.09763
2.1997
4.09452
4.09684
6.38438
5.84494
8.04563
7.04155
8.80393
7.03627
8.7982
5.82134
7.96416
4.00286
6.2727
1.69917
3.69718
0.259776
1.89118
0.766288
2.20817
6.0184
7.28166
6.63723
7.00399
6.12856
6.541
6.08349
6.57794
6.15808
7.06707
6.30241
7.49721
6.89772
7.30493
4.99325
5.99307
3.87689
5.064
4.2596
6.19225
18.8031
18.4935
7.86421
10.5367
6.59723
8.66706
7.69235
8.78587
7.33924
8.40737
5.71404
7.39965
6.4551
6.36166
16.4908
16.3461
21.1651
20.7032
21.6426
21.1733
17.4175
16.1663
10.8039
9.81932
7.92015
8.85879
8.29076
8.77146
9.46452
10.87
7.38295
8.449
6.90424
6.60231
13.7094
10.8923
18.4097
14.3568
19.8457
16.3993
9.11302
9.4203
14.9558
15.5211
17.2503
17.4811
17.3981
16.8304
16.9496
13.5152
14.9578
7.89656
8.18102
13.6524
19.0773
19.2528
20.2647
20.8564
17.5031
18.6281
14.7857
15.276
5.53152
7.40914
6.81437
7.83081
7.38551
8.43096
6.255
8.112
5.17042
6.98365
7.00629
10.2284
17.7934
18.6126
21.2
21.0739
20.2532
20.1356
15.9952
15.7127
6.65312
8.47244
8.00081
8.20852
8.64537
8.756
8.5845
8.59655
9.20016
7.844
11.1989
12.7697
19.3821
19.9975
21.808
21.8843
20.9522
20.8195
14.7032
7.53682
9.03082
12.809
14.7311
17.7906
16.5317
19.2996
11.7715
16.8733
8.81233
8.64313
12.8763
14.6413
16.1687
16.7744
16.0692
14.822
16.8446
11.5021
3.65812
7.31871
3.77714
6.85489
5.73525
7.39741
6.52901
7.91863
6.57525
7.6985
6.64961
6.66863
16.9683
16.8272
20.631
20.5013
21.3295
21.1414
15.8307
18.2189
9.45549
8.86662
7.23518
8.03915
8.13017
8.19099
8.61947
8.60596
8.34218
8.32649
7.82097
7.1985
16.7925
17.5154
20.9683
21.2549
21.8375
21.6931
19.2719
18.9731
6.87601
13.6485
13.5202
17.9353
15.3197
20.077
12.0142
18.5206
9.35959
10.153
8.16241
13.5677
17.6994
18.7188
18.4686
19.2563
16.9347
15.4555
15.3239
8.32348
4.52206
5.87417
4.5209
6.66951
5.65372
8.10624
6.27488
9.15213
6.32512
8.9393
5.80686
8.26567
12.9129
16.2265
19.1031
18.8815
19.769
19.4073
16.3086
15.9558
5.77846
5.99974
6.90219
7.20586
8.32016
9.01338
9.39578
9.52902
9.54687
9.60339
12.3559
12.6663
16.5275
16.7053
17.923
17.448
16.659
13.2796
11.4246
8.43671
9.69346
17.7134
8.45646
8.23555
15.6517
16.2342
19.4403
20.1078
20.9128
20.5082
21.0901
18.3302
16.6346
11.2478
11.4392
14.5144
15.2416
20.3561
16.3857
21.6981
18.8201
20.8502
15.6074
17.0842
8.76434
9.89667
9.83417
9.78189
8.17999
9.22665
6.41377
7.92455
6.67182
7.1185
10.4407
10.5425
19.61
19.4163
21.0218
21.7783
20.4565
20.3588
17.3323
16.7986
8.89721
9.83741
9.59797
10.0022
9.20503
9.53879
9.17082
8.15327
8.44038
9.6351
8.39249
8.93946
18.1314
17.3301
20.9247
20.3789
13.5749
16.0372
19.0241
19.1002
18.5543
18.5189
16.3081
14.16
10.8275
10.0775
7.3245
14.5464
15.9375
18.4599
19.4221
19.4623
17.869
18.2755
7.87935
11.2148
5.43372
7.2126
7.34638
8.57353
9.56894
9.7028
9.74868
9.76925
11.6978
14.8734
18.0101
20.4217
20.3754
21.7708
20.168
20.9088
15.1174
15.4758
5.1782
8.64657
7.73465
7.82888
8.96543
8.94511
9.74977
9.71261
11.3203
9.42206
14.1937
14.8838
20.514
20.7086
22.0312
22.0693
21.1965
20.8841
16.3526
15.2663
6.71368
8.54986
8.22503
12.9836
9.13395
13.1225
8.02595
11.3046
9.92357
7.55628
8.37016
17.5524
17.7811
21.6569
22.1508
22.3872
19.5184
20.5026
14.6456
11.6167
6.51464
12.5322
-1.27173
-1.20311
-1.4393
-1.30882
-1.41217
-1.31354
-1.41131
-1.36605
-1.445
-1.40944
-1.44015
-1.31234
-1.394
-1.30644
-1.30093
-1.20803
-1.18383
-1.09998
-1.1576
-1.13018
3.17564
5.16367
3.7766
6.52822
3.96803
7.2267
3.8267
7.19936
3.73186
7.4055
4.2409
7.32233
4.15732
6.47545
3.35067
4.71294
2.43184
3.33352
2.25922
3.60546
5.62991
7.65266
7.51788
8.1768
8.11961
8.64981
8.32653
8.86022
8.22918
8.93947
7.95979
8.42502
7.1619
7.28254
4.57328
5.88449
3.7569
5.30495
3.79821
6.36283
-1.42758
-1.44053
-1.51277
-1.46484
-1.4607
-1.40549
-1.47269
-1.3083
-1.37524
-1.35759
-1.44423
-1.42093
-1.47884
-1.47412
-1.40056
-1.40284
-1.36661
-1.30571
-1.35198
-1.31379
4.50103
6.06974
5.74236
8.7388
7.05251
13.1854
8.27391
12.533
7.42701
9.81965
6.938
8.92107
6.06671
8.04889
4.39791
6.23309
3.42677
4.47336
3.30495
5.55609
13.5897
14.4972
8.67412
10.429
10.468
10.8052
13.4358
13.5107
15.5129
14.704
15.5694
12.8531
11.1079
9.06987
8.18632
7.89856
9.87951
10.5166
13.0163
13.8986
20.3299
19.9708
14.9016
17.4806
8.36183
9.90121
7.21317
9.856
7.41293
8.8793
5.93617
8.14337
5.43694
7.14973
8.05721
6.87052
16.8488
16.3058
20.4173
19.8998
18.9945
18.9723
17.7283
17.4693
13.4733
12.5704
8.30137
9.46626
8.4432
8.85307
8.07818
8.11212
7.48377
7.46929
7.3672
6.79758
12.781
10.7332
18.024
16.6804
9.17192
15.5317
19.7664
20.2192
20.9775
21.1657
20.0304
19.0828
17.7885
11.628
7.76667
12.5517
10.2971
17.5579
16.1013
20.667
13.9906
20.4935
10.7979
13.4767
17.4228
19.6274
10.9235
13.6777
7.42909
9.04467
10.0588
10.0528
10.0335
10.5703
7.65373
9.53053
7.29447
8.14362
12.7615
13.9753
20.097
20.0819
20.5762
21.4028
20.0554
19.9506
13.8576
13.0272
8.50869
10.6781
9.93507
10.0781
10.5445
10.55
9.91675
9.95398
9.77491
8.67367
15.0664
16.3477
20.8288
21.1256
21.9897
21.9641
18.7904
16.3809
13.48
12.0425
8.47369
11.0651
12.6849
17.9595
16.3929
19.9681
14.9507
17.904
9.52772
12.0859
11.5701
11.8282
14.3225
14.4193
17.5286
16.0245
14.0729
14.6397
6.63852
9.29241
7.58984
9.60974
9.83479
10.4648
9.94664
10.1983
9.14592
8.50997
12.2542
14.0926
18.6399
19.8644
21.7687
21.6208
20.6733
20.3815
12.5351
10.4676
9.06228
10.2388
11.464
13.3802
10.4995
12.1532
9.96261
10.106
9.58512
8.50202
14.1541
14.8251
18.9752
18.8397
20.4426
19.4097
18.4594
15.5045
15.8724
16.5849
8.82268
10.6315
12.6457
13.0405
15.543
15.6746
17.192
16.2155
17.9756
14.7629
14.6227
10.0171
12.4803
12.6557
18.0219
19.4995
17.5766
19.794
6.36952
7.72072
4.8052
7.4393
5.307
8.44543
5.91964
9.56649
6.07236
9.07102
5.12992
7.7836
11.2261
13.7677
15.8738
16.9926
18.3052
18.0136
15.7978
15.5139
6.29467
6.44642
7.54943
7.70597
8.64995
9.00599
9.55738
9.78865
9.3586
9.43751
10.9252
11.213
14.1325
14.2579
15.2508
14.3317
13.387
10.3343
7.21999
6.58363
10.5355
15.4308
7.61259
10.2288
18.0319
18.4571
20.6389
21.0152
21.4085
20.4921
20.9165
16.8936
11.6479
9.09429
10.7107
16.0971
14.1757
20.7409
14.4476
21.1482
19.843
21.5809
17.1884
19.0964
10.9734
11.23
10.1467
11.4075
8.98642
10.4775
7.10582
9.04023
6.7671
7.9345
7.66271
6.72851
17.6071
17.8402
20.66
21.6143
21.3961
21.3513
19.3837
19.053
12.9116
11.4072
9.92902
11.3536
10.0914
10.0116
9.22124
9.26724
8.14544
7.97597
7.67372
6.53645
16.5648
16.5997
20.9406
20.9062
16.7605
18.6205
20.4345
20.4195
18.9975
18.8724
15.4172
12.2503
7.40344
12.3446
9.16563
16.8959
15.9054
19.8758
18.2547
19.9229
10.6048
16.7465
7.53971
9.11415
6.41099
8.22504
6.36964
8.52228
8.21499
9.53013
10.1415
10.466
10.4358
9.7905
13.2679
16.8099
17.9738
21.0681
20.136
21.8234
19.7926
20.1847
11.8863
12.0511
7.67528
9.90323
8.96915
9.10605
10.0674
10.2177
10.4416
10.4225
10.9919
9.73941
17.3133
17.7549
21.3369
21.5711
22.2383
22.1824
20.484
20.0188
12.5389
11.6289
12.8619
20.4666
12.4169
20.0646
9.43699
17.8688
9.59756
9.19741
9.65276
16.5127
17.8569
20.6801
21.5499
21.3942
17.4471
18.7941
10.4854
8.26451
7.73941
16.0064
-1.39781
-1.39291
-1.51238
-1.47209
-1.50642
-1.37673
-1.39526
-1.24365
-1.2794
-1.16029
-1.1369
-1.13463
-1.11815
-1.10347
-1.05889
-1.0464
-1.12175
-1.12368
-1.23366
-1.21231
15.4528
19.2367
13.9787
15.63
7.54948
10.2942
8.54297
10.0981
8.43867
10.0771
8.70135
8.97706
5.92644
9.15106
6.09921
8.09771
13.2625
14.4897
15.9687
19.0307
11.9201
15.1581
18.7725
18.961
18.9087
18.8828
17.2746
15.5126
14.0633
8.70727
7.96376
13.8814
14.3175
17.2498
19.934
19.8864
19.0205
19.1768
9.23348
13.9662
-0.982653
-1.00675
-1.05898
-0.964093
-1.12719
-1.00179
-1.2483
-1.11764
-1.44968
-1.2768
-1.48978
-1.41164
-1.49097
-1.4521
-1.39061
-1.41635
-1.27256
-1.19483
-1.07362
-1.09363
3.29433
5.48349
3.82798
7.14406
3.85733
7.1912
3.48466
7.24508
3.81388
7.16495
4.33547
7.42202
11.7075
16.8499
12.7209
19.5351
12.0374
19.7147
6.51114
15.0536
8.67987
12.7964
11.2671
17.3033
14.1461
19.7886
10.3648
18.5759
10.0824
11.7699
11.1553
13.1573
18.1801
19.6428
20.1015
20.5421
18.9119
17.7681
17.8042
10.3032
6.86066
7.26611
5.52786
7.67492
6.71525
8.27331
8.28737
9.00451
8.19996
8.8952
13.7405
15.3448
17.2086
17.6987
19.0969
18.8731
17.2029
16.6703
9.52816
8.54138
7.0502
7.13074
7.64274
7.83606
8.14025
8.57413
8.83276
8.60137
13.3012
13.7095
17.4069
17.5396
18.4245
18.3631
17.4117
16.1338
12.5522
10.7006
6.6444
7.46137
9.08739
15.2577
9.17316
9.15408
15.3225
16.222
20.053
21.1024
21.766
21.9678
22.0773
20.1652
18.3199
14.2625
9.37338
13.0323
11.5834
16.9554
11.5765
19.8382
21.5464
21.774
17.6304
18.7213
8.36374
8.99397
8.76111
10.1428
8.39958
9.93971
6.35211
8.85125
5.7676
7.67224
7.0085
7.15572
19.1134
18.8316
22.2284
22.0129
21.4626
21.4089
18.7924
18.3961
10.4693
8.67454
9.89475
10.3838
10.2863
10.3023
9.33016
9.32378
8.2985
8.08342
7.43056
6.8107
17.992
18.2566
21.5394
21.5677
17.4259
18.5314
19.779
19.7179
17.613
17.4946
12.9936
9.38146
9.2308
15.3339
12.6867
18.7438
18.199
19.6156
18.0657
18.5268
9.23294
14.5901
5.93191
11.6303
6.54129
7.94846
5.05518
7.20731
7.49404
9.45028
8.3544
10.1565
8.66521
9.60682
7.26756
8.29241
11.797
14.2682
17.6733
18.4535
19.1006
19.0759
16.4991
16.4647
10.5511
10.025
7.51465
8.66385
8.92516
9.16005
10.0261
10.1365
9.81779
9.77165
9.36638
8.44599
15.1232
15.9296
19.5035
19.9151
20.6411
20.615
18.4647
18.2513
11.8022
9.97863
11.0748
15.6087
12.0953
18.4863
9.64207
18.7754
8.44821
13.0988
10.809
9.22875
16.2071
18.4914
20.1627
20.5019
19.6611
18.8829
19.1754
13.8379
20.7493
20.4477
14.8511
17.5866
7.15882
8.92306
7.10871
9.1724
6.92276
8.71694
5.43318
7.67007
4.89944
6.52712
7.23484
6.08099
17.5439
16.9697
20.9543
20.5176
19.5965
19.5774
17.8561
17.5545
12.615
11.4314
8.2566
9.11648
8.50656
8.88031
7.77027
7.79487
6.97801
6.97586
6.71674
6.35123
14.1426
11.3317
18.9677
17.9291
10.7543
15.9271
19.8037
20.2073
20.6341
20.7781
19.3796
18.2085
16.936
9.97996
6.61559
13.3248
11.4845
17.8376
17.0076
21.0695
15.2161
20.4063
11.543
12.7738
20.1256
20.2051
16.8918
18.7684
9.89822
13.6883
7.14945
8.78282
8.57468
9.10534
7.80443
9.1155
6.01534
8.19706
5.75366
7.26504
11.8427
13.0293
19.1488
19.0994
20.8249
20.8219
18.5509
18.2724
11.3353
9.88518
8.16308
9.73735
9.49564
9.49164
9.57317
9.51618
8.77686
8.81176
8.55138
7.47176
15.8447
16.6953
20.4466
20.5279
21.8089
20.6672
17.3453
16.4696
6.78054
9.70424
8.68348
14.7181
9.60187
16.4564
10.2067
15.8285
11.655
12.1201
12.5054
11.9206
17.8565
18.9184
20.7002
21.1156
15.0423
15.4805
3.8267
8.13168
4.10221
7.69733
6.44826
8.74932
7.73312
9.12494
8.29531
8.09369
12.5637
13.6791
20.3553
20.1642
22.3563
22.1673
21.3158
21.0187
15.4841
15.0068
7.88031
9.61057
9.481
12.6234
9.5766
13.3126
9.49568
9.47267
10.3139
8.54877
13.7523
14.8243
20.2409
20.7085
22.2297
22.2216
21.1019
20.8971
7.14983
11.8145
13.1369
13.9981
16.2155
16.641
15.9818
16.4783
9.7577
12.5722
8.95917
11.0815
14.6593
14.3741
11.4794
13.3838
8.61716
7.71759
6.3761
11.9068
-1.10261
-1.04727
-1.12857
-1.07534
-1.19557
-1.05639
-1.30489
-1.161
-1.41774
-1.34178
-1.43949
-1.41667
-1.51445
-1.4554
-1.45762
-1.39544
-1.29446
-1.29472
-1.14753
-1.12263
4.59971
6.01542
4.85445
7.69265
5.41806
7.97432
5.50645
8.28977
5.35815
8.18283
5.70165
7.79647
13.3284
18.3114
17.2545
20.9774
16.8757
21.266
12.3378
17.3774
6.41528
14.7903
14.1425
18.3756
14.1228
20.1794
10.0799
17.8514
10.4099
9.93102
8.16589
15.7381
18.675
19.337
18.3981
19.1611
16.2774
14.2085
13.1772
8.83616
-1.44482
-1.41247
-1.51704
-1.47452
-1.49445
-1.38577
-1.36966
-1.28062
-1.25901
-1.17277
-1.18245
-1.12921
-1.15868
-1.09932
-1.17011
-1.10877
-1.23243
-1.21477
-1.36435
-1.30526
19.1267
20.6811
14.9902
16.2085
7.00168
11.0159
7.66149
9.68764
7.37853
9.33719
7.10105
12.1536
7.43671
9.68609
8.33125
11.2252
16.9346
19.1023
19.9117
21.6384
16.3972
16.779
18.3487
18.0334
15.5257
15.3527
9.81226
9.28143
8.76969
14.3067
12.45
17.6541
16.2706
17.5913
16.4333
16.6533
13.237
14.3092
6.01091
8.71226
6.96217
7.78164
5.52177
7.75515
7.14005
8.42762
8.37009
9.3763
9.00777
9.4557
12.4831
14.5113
16.8573
18.1856
19.891
19.5296
18.4714
18.0117
12.1829
11.663
6.98863
6.95277
7.58894
7.75587
8.20875
8.54438
9.30883
9.08155
11.0232
11.5658
16.6863
16.8745
18.516
18.5214
18.2001
17.7267
14.8619
11.5553
6.46944
6.68554
10.2837
16.8903
8.99619
9.31095
14.6033
15.3948
19.6034
20.6309
21.4666
21.6864
21.9468
20.0514
18.4431
14.4766
10.2569
13.0763
13.2576
19.3114
14.6465
20.7426
19.0697
19.2339
9.00744
10.8613
7.16117
9.45905
7.18904
9.38383
5.80446
8.7708
4.45178
7.51192
5.81983
6.84335
17.3507
17.2732
21.673
21.4752
22.094
21.9107
19.2746
19.1
10.6952
9.38684
9.21966
9.74618
9.92337
11.5198
9.80072
13.8983
8.43711
9.91279
8.03828
7.20359
17.4666
18.3425
21.6566
21.8007
22.0606
21.9684
15.9687
12.8011
11.6379
10.2639
11.9616
13.4377
16.4893
17.7878
16.5831
17.6253
14.3292
14.2332
7.24547
8.3184
8.80045
10.2451
10.3651
9.80851
14.1228
11.0647
16.5953
17.8923
5.15475
6.68135
6.3126
7.72148
8.86764
9.1326
10.0144
9.91821
8.98254
9.39201
6.36404
8.34247
14.7957
18.2142
20.01
21.4406
21.0576
21.5056
18.0999
17.8793
6.89578
7.88977
8.15983
8.6416
9.34285
13.5753
10.1541
14.3939
10.0182
9.89942
8.61793
10.4605
18.6947
19.3884
21.9262
22.03
21.7771
21.6787
14.1988
9.36902
7.0007
8.21462
12.3567
13.6277
15.4323
16.7133
14.7949
15.9169
9.93239
12.1438
10.2372
10.4702
10.405
11.7654
10.2462
8.74875
13.2155
7.86375
21.1055
21.0821
14.3016
17.3944
5.8056
8.46688
7.0385
9.20274
7.03101
9.32275
5.93423
8.29544
4.87696
6.91947
8.42215
8.06048
19.1375
18.7457
22.0169
21.5869
20.542
20.4854
17.7508
17.3187
9.15214
8.5798
9.07893
9.83914
9.33424
9.3323
8.39401
8.28494
7.32718
7.5638
6.25094
6.66044
17.2428
15.9224
20.6722
20.3265
13.8237
16.6046
19.4242
19.5695
19.0541
19.0917
16.8314
14.7992
11.49
9.12908
6.63244
14.1365
15.4754
18.5491
20.3722
20.4484
17.5241
19.18
9.35688
11.1937
18.9599
20.257
14.9864
17.2396
6.85048
8.46042
8.17266
9.19889
9.21217
9.78944
8.0545
9.40396
6.04905
8.13451
6.01714
6.79749
16.6493
17.0791
20.4677
20.4337
20.7811
20.7326
17.1158
16.6883
7.41563
8.68928
9.07139
9.30463
9.91991
10.0271
9.70209
9.62018
9.79638
8.63347
8.34034
10.81
18.6133
19.1717
21.4202
21.455
20.941
19.3681
16.0823
15.055
7.37627
10.7221
10.1167
16.2293
11.0801
19.6287
11.8893
18.0797
10.2663
12.3844
12.5264
11.9856
16.7467
17.572
19.7175
19.5803
6.29161
8.4526
6.66074
8.60615
8.4113
9.56561
9.01656
9.85965
8.50526
8.93184
10.0432
11.4699
18.2661
19.2178
21.9769
21.7562
21.7764
21.5164
17.5712
17.4216
7.68939
8.95164
8.68068
8.79788
9.63026
9.68062
9.76726
9.87456
9.78528
8.9733
13.0146
13.6564
19.244
19.571
21.2792
21.2291
20.6254
19.9994
15.811
14.6111
18.9592
20.6468
13.5266
18.2117
8.7471
10.7999
11.9563
14.3035
17.1672
18.6034
19.8283
19.4677
19.5547
17.7171
6.88504
8.98003
11.6642
16.149
17.3436
20.795
-1.45018
-1.39426
-1.52098
-1.4336
-1.4268
-1.37641
-1.36306
-1.22535
-1.22268
-1.06668
-1.13188
-1.0339
-1.13232
-0.969615
-1.05742
-0.936571
-1.08565
-1.00469
-1.31625
-1.22762
16.6926
20.2347
12.2848
15.2098
5.44443
10.1016
6.18934
8.67757
6.28493
8.73466
6.14058
7.99115
5.95163
7.12098
6.74284
12.1903
12.3667
18.9131
15.5095
21.5108
19.8358
18.0864
16.0814
14.8274
8.24545
10.4539
11.0391
16.4075
13.6713
19.5102
14.8981
18.2245
9.35778
13.0336
8.46334
8.2003
13.3935
13.9506
17.6539
17.0747
-1.14858
-1.12271
-1.282
-1.27878
-1.35813
-1.35476
-1.38297
-1.40057
-1.44319
-1.36317
-1.51575
-1.42898
-1.51523
-1.47699
-1.44396
-1.37407
-1.21704
-1.16256
-1.16302
-1.02831
1.15092
3.84519
3.57177
6.23975
5.43302
9.16357
7.51014
10.0346
8.71246
9.73052
9.88196
14.0265
9.82401
17.444
8.93561
15.9295
5.18466
11.0304
0.703497
3.92666
12.2898
18.8448
9.66022
9.2854
13.9615
14.6012
18.7327
19.5862
20.7162
20.5978
21.2792
19.0694
17.8353
13.3436
9.1884
13.5639
15.2558
19.1466
16.559
21.612
20.9676
20.955
14.0096
17.6135
6.30155
8.47207
6.8497
9.37002
6.75477
9.08041
5.61004
7.66992
5.25411
6.29524
7.20076
6.54941
18.5781
18.1413
21.6797
21.2682
20.2706
20.2476
17.9113
17.6181
11.1078
9.59146
9.16355
10.3703
9.06935
9.08383
8.00564
8.21396
6.88211
6.7577
6.42541
5.76472
16.1878
14.7001
20.1134
19.8545
13.026
16.5425
19.6908
19.9032
19.7719
19.8387
17.9564
16.3038
13.835
8.18608
6.77751
14.428
14.1245
18.6686
19.7129
20.7203
17.4715
19.9373
10.1505
12.3505
19.3005
19.3456
16.3778
17.9105
9.94604
12.8797
7.13926
8.59058
8.22488
9.20563
7.68505
9.0891
5.50013
8.4948
5.72761
6.80728
11.2986
12.4358
18.3119
18.2641
20.1345
20.1215
17.622
17.3169
9.92623
8.48643
8.4818
9.29538
9.55214
9.58476
9.39098
9.39511
8.44409
8.24767
7.94109
7.03845
15.736
16.5137
19.9505
20.0188
21.6801
20.1452
15.8398
14.5546
7.25414
11.3695
8.85597
15.2609
9.47304
16.9023
9.81024
15.7786
11.9385
10.2877
15.1556
14.4831
19.0536
19.9039
21.1727
21.2397
8.88462
10.3916
4.30565
7.55911
5.77535
8.02912
7.20206
9.09797
7.46857
9.02663
7.3502
7.89936
16.3407
17.2933
21.4757
21.4226
22.48
22.2256
20.0626
19.7414
9.95124
8.9542
7.86962
10.7658
8.8324
12.3345
9.69205
9.74197
9.38669
9.22151
8.95934
8.08017
17.4568
18.095
21.3506
21.5912
22.1151
21.8391
19.5146
18.5434
12.8677
17.351
16.8516
17.4997
16.6238
17.1218
8.91108
13.7257
8.36535
11.87
14.9908
16.2946
18.0033
17.1605
11.7507
14.1006
5.98977
9.93927
7.92748
16.4261
4.40266
6.19482
4.21485
6.80311
5.2998
7.88977
5.66769
8.3791
5.57718
8.16585
4.92703
8.2058
14.1283
17.9156
20.4294
21.3829
21.3045
21.625
17.5907
18.0669
6.11212
6.46889
7.24527
7.49012
8.36716
8.65297
9.38094
9.54924
9.62762
9.20892
8.21345
9.1611
18.5165
19.113
21.7536
21.9391
21.9768
21.8067
18.5903
18.2464
10.9124
16.5314
17.5323
19.0638
16.1739
19.4035
9.25264
15.5751
9.13012
9.29942
13.5002
17.0697
19.1336
19.0418
16.2108
17.4708
12.5092
9.02763
6.68137
13.71
21.7284
21.6407
16.992
18.1564
6.29581
7.66497
7.66012
8.47539
7.53861
8.72194
5.89561
8.00533
5.59833
7.0852
7.18532
7.92187
19.6227
19.2818
22.3483
22.1036
21.3685
21.2749
18.1651
17.7325
7.61523
8.50514
8.58475
9.16522
8.9588
8.91033
8.40089
8.25179
7.98002
9.3554
6.88826
8.85658
18.5818
18.422
21.6922
21.7166
17.1565
17.9883
19.2625
19.1203
16.7403
16.5889
10.6887
9.02043
8.81483
14.7689
12.1914
17.9169
17.802
19.1209
17.4563
17.8865
10.1075
13.9901
6.46894
11.182
10.5043
11.5833
4.20711
6.54208
6.31763
7.30426
6.96691
9.80236
7.67532
8.51012
6.77835
7.58409
8.80044
11.7195
16.0427
16.8884
18.913
18.9135
17.471
17.4093
13.5517
13.2339
6.87241
7.59186
7.94218
8.20719
8.97846
9.06393
8.92997
8.81719
8.91954
7.79317
12.2048
13.2853
18.497
19.0527
20.5336
20.5849
19.2744
19.1303
16.0262
7.73125
8.89099
13.7382
11.3222
19.0125
10.4245
19.9403
7.3836
14.8728
9.77263
7.66128
13.6769
16.8452
19.6648
19.8777
19.6846
19.07
19.6813
15.4608
-1.43767
-1.38856
-1.52671
-1.4531
-1.43438
-1.33347
-1.29011
-1.18172
-1.03409
-0.934807
-0.980951
-0.803798
-0.954031
-0.757134
-0.946523
-0.813909
-1.10521
-0.977185
-1.28008
-1.22119
16.9255
20.4144
14.1614
17.0439
7.51385
10.5944
8.51219
10.2061
8.41414
9.85246
7.6905
11.9317
5.61516
9.04138
4.7543
8.65496
12.3137
17.7755
15.3759
21.443
16.6931
17.3964
18.9203
18.5995
16.2007
15.8978
11.0951
8.19601
7.85215
13.5362
12.219
17.6803
16.9605
18.2619
17.013
17.2049
12.6165
14.3953
5.70917
9.11228
-1.11799
-1.11776
-1.15484
-1.1047
-1.04018
-1.06044
-1.20646
-1.12418
-1.35163
-1.26294
-1.42792
-1.38236
-1.52003
-1.4543
-1.41444
-1.37027
-1.31512
-1.27126
-1.16993
-1.15849
4.42588
5.85036
5.46294
9.59046
6.29482
9.01464
6.5856
9.26204
6.68183
9.29543
6.54148
9.42636
15.7022
19.1966
19.2792
21.6756
19.4263
21.6009
16.1639
17.8223
13.4337
18.1595
18.0345
18.5719
14.9546
18.0872
9.13298
13.783
8.64738
12.2599
15.5998
17.64
19.2944
18.6574
13.968
15.6755
6.09246
8.39706
5.81991
15.5603
5.74482
7.36285
4.84086
7.05026
6.03712
8.5827
7.61273
9.62175
8.06719
9.78292
9.57213
11.9237
16.0266
17.8661
20.9449
20.5388
20.5075
20.09
16.1544
15.6581
6.46197
7.48442
7.47933
7.62201
8.5488
8.88782
9.56534
9.69971
10.1473
9.68282
14.5483
14.8759
18.4428
18.6406
19.5725
19.15
18.122
16.4236
11.9874
10.0073
13.5203
19.6166
9.07533
11.2842
12.1431
13.102
17.9506
19.0869
20.3582
20.5843
21.2718
19.4917
18.5597
15.049
10.5128
13.073
14.9252
19.272
16.6417
22.0612
21.2524
21.5842
17.6741
19.8353
12.6596
13.625
9.10552
10.6411
9.95334
10.3701
8.51161
9.91303
7.09612
8.61074
7.67018
7.62856
15.8114
15.5642
21.0395
20.7404
21.0348
21.0239
18.2123
19.5688
7.8277
8.08083
9.59315
9.76742
10.4916
10.5132
10.0653
9.95358
8.89037
8.93005
8.97518
7.38979
13.13
13.0359
19.6521
19.443
15.9883
19.0355
21.0976
21.3105
19.6831
20.6302
16.8463
15.8533
10.8265
11.9217
9.28148
15.5669
12.1968
18.9069
14.5662
19.9283
7.80265
15.833
8.44921
8.32483
12.0741
12.2728
4.32049
6.86829
5.89569
8.33828
7.0464
10.8139
8.44295
9.86787
8.26592
9.26864
8.01129
10.6168
13.5333
15.5917
17.7752
17.8623
16.8785
16.847
14.1677
13.9702
6.88158
8.26519
8.14603
8.50452
9.61777
9.8944
10.2677
10.2878
10.105
9.56578
11.2289
12.4098
17.6413
18.2203
19.8653
19.9626
19.0201
18.9079
17.4404
10.488
8.10983
12.0507
9.42805
17.2336
11.8044
18.6161
9.04057
15.9328
11.2389
9.58496
12.8777
16.6622
20.1124
20.2153
20.3615
19.9721
20.4542
17.1441
18.8554
20.6081
10.7991
14.357
5.75701
9.87469
6.64346
9.68875
6.48674
9.56978
5.72282
8.38184
6.98816
7.22129
13.4951
14.3729
21.2909
20.9205
22.7105
22.2843
20.4963
20.3669
14.9352
14.092
8.97451
10.7932
10.0835
10.1817
10.5213
13.1686
8.80973
13.6612
9.32101
7.49143
14.3801
14.4817
20.7645
20.5148
22.1592
22.1353
16.1088
15.3196
16.1476
15.6698
11.6558
11.5217
7.41361
10.403
10.7208
15.6425
11.9221
16.0519
13.6669
15.3552
14.5546
14.7169
12.4065
13.6084
9.63731
9.41863
16.93
18.2008
7.78465
9.4045
6.79339
8.15499
8.86568
9.53425
8.95518
9.93565
7.15639
8.93488
6.18156
7.75892
14.7976
16.672
20.9752
20.8688
21.261
21.1375
18.6535
18.4778
9.21554
7.78057
8.20756
8.97394
9.77314
9.87504
10.1854
10.3437
9.46455
9.52856
8.90318
8.31689
17.5638
18.4528
21.5578
21.6987
21.7492
21.6754
17.1453
13.2802
8.23581
7.81832
11.6242
14.5726
15.3803
19.0918
16.5735
19.097
11.2741
15.1904
8.72094
9.5646
13.3006
13.9694
14.6106
14.0394
16.9721
14
20.4825
20.5868
11.8319
14.7244
4.91087
8.88358
6.95983
9.21138
8.0536
9.77579
7.73603
9.04527
7.68717
7.80018
13.9167
14.4754
20.9036
20.7371
22.3559
22.1731
20.6107
20.4683
14.7202
13.9478
8.69463
11.2645
9.76654
9.88689
10.9768
11.5113
9.86331
11.5958
9.97697
8.22288
14.6311
15.659
20.8531
21.122
22.2588
22.237
17.4832
15.8997
15.4017
14.6034
7.87669
8.87288
11.7828
14.6109
15.377
18.2148
15.7313
17.2244
13.9523
14.1379
9.29382
10.1702
6.91665
7.29315
13.5149
12.6745
0
0
0
0
0
0
0
0
0
0
0
0
0
0
0
0
0
0
0
0
0
0
0
0
0
0
0
0
0
0
0
0
0
0
0
0
0
0
0
0
0
0
0
0
0
0
0
0
0
0
0
0
0
0
0
0
0
0
0
0
0
0
0
0
0
0
0
0
0
0
0
0
0
0
0
0
0
0
0
0
0
0
0
0
0
0
0
0
0
0
0
0
0
0
0
0
0
0
0
0
0
0
0
0
0
0
0
0
0
0
0
0
0
0
0
0
0
0
0
0
0
0
0
0
0
0
0
0
0
0
0
0
0
0
0
0
0
0
0
0
0
0
0
0
0
0
0
0
0
0
0
0
0
0
0
0
0
0
0
0
0
0
0
0
0
0
0
0
0
0
0
0
0
0
0
0
0
0
0
0
0
0
0
0
0
0
0
0
0
0
0
0
0
0
0
0
0
0
0
0
0
0
0
0
0
0
0
0
0
0
0
0
0
0
0
0
0
0
0
0
0
0
0
0
0
0
0
0
0
0
0
0
0
0
0
0
0
0
0
0
0
0
0
0
0
0
0
0
0
0
0
0
0
0
0
0
0
0
0
0
0
0
0
0
0
0
0
0
0
0
0
0
0
0
0
0
0
0
0
0
0
0
0
0
0
0
0
0
0
0
0
0
0
0
0
0
0
0
0
0
0
0
0
0
0
0
0
0
0
0
0
0
0
0
0
0
0
0
0
0
0
0
0
0
0
0
0
0
0
0
0
0
0
0
0
0
0
0
0
0
0
0
0
0
0
0
0
0
0
0
0
0
0
0
0
0
0
0
0
0
0
0
0
0
0
0
0
0
0
0
0
0
0
0
0
0
0
0
0
0
0
0
0
0
0
0
0
0
0
0
0
0
0
0
0
0
0
0
0
0
0
0
0
0
0
0
0
0
0
0
0
0
0
0
0
0
0
0
0
0
0
0
0
0
0
0
0
0
0
0
0
0
0
0
0
0
0
0
0
0
0
0
0
0
0
0
0
0
0
0
0
0
0
0
0
0
0
0
0
0
0
0
0
0
0
0
0
0
0
0
0
0
0
0
0
0
0
0
0
0
0
0
0
0
0
0
0
0
0
0
0
0
0
0
0
0
0
0
0
0
0
0
0
0
0
0
0
0
0
0
0
0
0
0
0
0
0
0
0
0
0
0
0
0
0
0
0
0
0
0
0
0
0
0
0
0
0
0
0
0
0
0
0
0
0
0
0
0
0
0
0
0
0
0
0
0
0
0
0
0
0
0
0
0
0
0
0
0
0
0
0
0
0
0
0
0
0
0
0
0
0
0
0
0
0
0
0
0
0
0
0
0
0
0
0
0
0
0
0
0
0
0
0
0
0
0
0
0
0
0
0
0
0
0
0
0
0
0
0
0
0
0
0
0
0
0
0
0
0
0
0
0
0
0
0
0
0
0
0
0
0
0
0
0
0
0
0
0
0
0
0
0
0
0
0
0
0
0
0
0
0
0
0
0
0
0
0
0
0
0
0
0
0
0
0
0
0
0
0
0
0
0
0
0
0
0
0
0
0
0
0
0
0
0
0
0
0
0
0
0
0
0
0
0
0
0
0
0
0
0
0
0
0
0
0
0
0
0
0
0
0
0
0
0
0
0
0
0
0
0
0
0
0
0
0
0
0
0
0
0
0
0
0
0
0
0
0
0
0
0
0
0
0
0
0
0
0
0
0
0
0
0
0
0
0
0
0
0
0
0
0
0
0
0
0
0
0
0
0
0
0
0
0
0
0
0
0
0
0
0
0
0
0
0
0
0
0
0
0
0
0
0
0
0
0
0
0
0
0
0
0
0
0
0
0
0
0
0
0
0
0
0
0
0
0
0
0
0
0
0
0
0
0
0
0
0
0
0
0
0
0
0
0
0
0
0
0
0
0
0
0
0
0
0
0
0
0
0
0
0
0
0
0
0
0
0
0
0
0
0
0
0
0
0
0
0
0
0
0
0
0
0
0
0
0
0
0
0
0
0
0
0
0
0
0
0
0
0
0
0
0
0
0
0
0
0
0
0
0
0
0
0
0
0
0
0
0
0
0
0
0
0
0
0
0
0
0
0
0
0
0
0
0
0
0
0
0
0
0
0
0
0
0
0
0
0
0
0
0
0
0
0
0
0
0
0
0
0
0
0
0
0
0
0
0
0
0
0
0
0
0
0
0
0
0
0
0
0
0
0
0
0
0
0
0
0
0
0
0
0
0
0
0
0
0
0
0
0
0
0
0
0
0
0
0
0
0
0
0
0
0
0
0
0
0
0
0
0
0
0
0
0
0
0
0
0
0
0
0
0
0
0
0
0
0
0
0
0
0
0
0
0
0
0
0
0
0
0
0
0
0
0
0
0
0
0
0
0
0
0
0
0
0
0
0
0
0
0
0
0
0
0
0
0
0
0
0
0
0
0
0
0
0
0
0
0
0
0
0
0
0
0
0
0
0
0
0
0
0
0
0
0
0
0
0
0
0
0
0
0
0
0
0
0
0
0
0
0
0
0
0
0
0
0
0
0
0
0
0
0
0
0
0
0
0
0
0
0
0
0
0
0
0
0
0
0
0
0
0
0
0
0
0
0
0
0
0
0
0
0
0
0
0
0
0
0
0
0
0
0
0
0
0
0
0
0
0
0
0
0
0
0
0
0
0
0
0
0
0
0
0
0
0
0
0
0
0
0
0
0
0
0
0
0
0
0
0
0
0
0
0
0
0
0
0
0
0
0
0
0
0
0
0
0
0
0
0
0
0
0
0
0
0
0
0
0
0
0
0
0
0
0
0
0
0
0
0
0
0
0
0
0
0
0
0
0
0
0
0
0
0
0
0
0
0
0
0
0
0
0
0
0
0
0
0
0
0
0
0
0
0
0
0
0
0
0
0
0
0
0
0
0
0
0
0
0
0
0
0
0
0
0
0
0
0
0
0
0
0
0
0
0
0
0
0
0
0
0
0
0
0
0
0
0
0
0
0
0
0
0
0
0
0
0
0
0
0
0
0
0
0
0
0
0
0
0
0
0
0
0
0
0
0
0
0
0
0
0
0
0
0
0
0
0
0
0
0
0
0
0
0
0
0
0
0
0
0
0
0
0
0
0
0
0
0
0
0
0
0
0
0
0
0
0
0
0
0
0
0
0
0
0
0
0
0
0
0
0
0
0
0
0
0
0
0
0
0
0
0
0
0
0
0
0
0
0
0
0
0
0
0
0
0
0
0
0
0
0
0
0
