6.14592
6.14905
5.82338
5.27001
6.28667
6.26109
5.13835
-nan
4.82233
5.88361
4.78947
5.49814
4.88419
6.11001
4.57913
5.21594
3.62624
3.64996
3.60587
3.62489
3.66296
3.70427
4.882
5.03398
3.57415
3.66624
3.39239
3.58891
3.7658
3.86408
3.79204
4.99351
3.46638
3.64075
3.15108
3.36942
-nan
-nan
-nan
-nan
3.66358
3.77463
3.64176
3.42222
-nan
-nan
-nan
-nan
5.92157
5.95816
6.06597
3.61457
5.61644
5.37324
3.88954
-nan
5.9878
5.98205
6.24841
6.08389
5.60019
5.59862
4.34339
3.60823
5.95752
5.97992
6.22345
6.20038
5.57809
5.58665
6.31971
5.02855
5.9419
5.93526
6.19295
6.19468
5.58522
5.62051
6.28306
6.26427
5.92899
5.92238
6.19964
6.17337
-nan
-nan
-nan
-nan
5.89709
5.89289
6.1581
6.14825
-nan
-nan
-nan
-nan
3.88066
3.94829
3.68251
3.67764
4.03095
4.32684
3.55863
-nan
4.53034
4.53763
4.33119
4.31559
4.64505
4.65296
4.05628
4.08961
4.86405
4.87237
4.65977
4.65508
4.99889
5.03871
4.41769
4.45799
5.04279
5.06511
4.84945
4.84161
5.27336
5.36572
4.8104
4.87644
5.17724
5.22046
5.00031
5.05931
-nan
-nan
-nan
-nan
5.34626
5.45509
5.29838
5.34605
-nan
-nan
-nan
-nan
3.73767
3.7961
3.35352
3.41738
4.07212
4.37415
3.45912
-nan
3.1223
3.09725
3.66523
3.58158
3.59608
3.6167
3.81762
3.86661
3.58133
3.54565
4.12383
4.13959
3.35299
3.39178
4.6103
4.48747
3.85958
3.85065
4.33849
4.20656
3.42866
3.55481
4.02036
4.44542
4.10037
4.12922
4.36709
4.24011
-nan
-nan
-nan
-nan
4.30847
4.49807
3.86269
3.82703
-nan
-nan
-nan
-nan
4.09726
4.15651
4.57953
4.60955
3.55745
3.79342
5.11806
-nan
4.24363
4.25832
4.79907
4.79727
3.60306
3.63337
5.25369
5.29266
4.31772
4.31774
4.90369
4.8948
3.65496
3.7246
5.37374
5.38302
4.35575
4.35322
4.94919
4.95201
3.8296
3.95785
5.55192
5.58504
4.43197
4.45436
5.0353
5.08804
-nan
-nan
-nan
-nan
4.58629
4.7012
5.27381
5.33428
-nan
-nan
-nan
-nan
5.86521
5.87714
5.92074
5.90088
5.7044
5.78078
5.9008
-nan
5.61858
5.62181
5.6826
5.67973
5.40248
5.38927
5.61937
5.62067
5.39016
5.38986
5.48472
5.46965
5.20051
5.2203
5.44664
5.4532
5.23288
5.22591
5.34375
5.33453
5.16138
5.25672
5.48127
5.5006
5.14652
5.18061
5.26865
5.30899
-nan
-nan
-nan
-nan
5.18114
5.27937
5.39507
5.44724
-nan
-nan
-nan
-nan
5.7618
5.81496
5.92437
5.91
5.5403
5.81748
6.01309
-nan
5.69567
5.69683
5.89895
5.89806
5.3905
5.42096
5.97374
5.97834
5.61084
5.61812
5.84135
5.84264
5.32598
5.35964
5.92785
5.93368
5.56553
5.56497
5.802
5.77972
5.36727
5.4528
5.96115
5.96477
5.55529
5.57757
5.78998
5.80935
-nan
-nan
-nan
-nan
5.62436
5.67163
5.88249
5.90144
-nan
-nan
-nan
-nan
5.85056
5.84111
5.77569
5.78562
5.8532
5.89735
5.74016
-nan
5.61017
5.58821
5.5118
5.53305
5.59604
5.60753
5.34549
5.3867
5.42016
5.40219
5.31429
5.31264
5.42879
5.44223
5.12984
5.15662
5.29225
5.26719
5.18862
5.17774
5.39792
5.46035
5.18716
5.23217
5.24413
5.24516
5.12833
5.17803
-nan
-nan
-nan
-nan
5.27677
5.34384
5.2653
5.3128
-nan
-nan
-nan
-nan
5.94424
5.62673
6.15915
6.13822
4.6537
5.76247
6.27669
-nan
5.87572
5.87345
6.10315
6.10743
5.54209
5.22119
6.19716
6.19625
5.79187
5.7888
6.05003
6.012
5.42226
5.45004
6.1423
6.1225
5.74397
5.73442
6.03092
5.97755
5.41255
5.45864
6.11902
6.09871
5.73846
5.7178
6.04434
6.01073
-nan
-nan
-nan
-nan
5.5308
5.66848
5.68159
6.0209
-nan
-nan
-nan
-nan
5.6932
5.64373
5.53225
5.50732
6.30535
5.47395
4.68094
-nan
5.87034
5.91835
4.84127
4.66402
6.17409
6.20846
5.18397
5.28326
5.51666
5.80477
4.99222
5.03886
6.0588
6.08519
4.56122
5.08092
4.74123
4.39314
5.18699
5.18513
5.60931
5.98348
5.12845
5.12633
4.9233
4.13718
5.32793
5.37379
-nan
-nan
-nan
-nan
4.97211
4.22495
5.41869
5.45995
-nan
-nan
-nan
-nan
5.68792
5.72875
5.57492
5.54523
5.70612
5.79911
5.43334
-nan
5.9663
5.96448
5.8324
5.81495
5.9429
5.9448
5.57303
5.57578
6.05225
6.05485
5.92309
5.93043
6.04027
6.05385
5.66914
5.65584
6.10525
6.09908
5.97656
5.96779
6.12313
6.12881
5.79344
5.8072
6.14901
6.14601
6.01496
6.02238
-nan
-nan
-nan
-nan
6.19414
6.18965
6.09037
6.0854
-nan
-nan
-nan
-nan
3.52786
3.5851
3.44364
3.5227
4.08331
4.32941
4.00069
-nan
3.30646
3.28673
3.80267
3.88022
3.98267
3.98262
4.59156
4.61432
3.16057
3.12091
4.05744
4.09473
3.94692
4.00508
4.79761
4.84204
3.17095
3.14308
3.94777
4.21967
4.04943
4.1982
5.10058
5.14722
3.22954
3.27193
3.45119
4.20394
-nan
-nan
-nan
-nan
3.42514
3.54997
3.61264
3.9036
-nan
-nan
-nan
-nan
5.14605
5.15204
5.47791
5.50224
4.75621
4.85291
5.78891
-nan
4.95947
4.95521
5.32475
5.32943
4.48882
4.47206
5.6246
5.6346
4.83112
4.78899
5.22067
5.20813
4.34607
4.37822
5.50621
5.5299
4.72004
4.70074
5.13615
5.13907
4.35462
4.4566
5.57257
5.60557
4.69144
4.73341
5.14249
5.18142
-nan
-nan
-nan
-nan
4.75523
4.83791
5.28196
5.32515
-nan
-nan
-nan
-nan
5.8486
5.85817
5.99832
5.95062
5.59099
5.6837
6.05709
-nan
5.79235
5.78845
5.96364
5.96037
5.44812
5.44852
5.97813
5.97543
5.68766
5.68366
5.89457
5.88154
5.3558
5.36162
5.93572
5.91853
5.59645
5.6003
5.83126
5.8302
5.35473
5.43543
5.94934
5.96059
5.55176
5.56997
5.79612
5.82187
-nan
-nan
-nan
-nan
5.58065
5.63992
5.84795
5.87326
-nan
-nan
-nan
-nan
5.91729
5.96957
5.79984
5.82789
5.98216
6.05692
5.69812
-nan
5.90082
5.88735
5.7805
5.76743
5.93581
5.93088
5.54688
5.56503
5.83234
5.83529
5.69205
5.69671
5.87214
5.88417
5.47052
5.47986
5.79551
5.8054
5.67856
5.64744
5.88039
5.91001
5.53939
5.5608
5.79141
5.8193
5.69078
5.69213
-nan
-nan
-nan
-nan
5.84478
5.8825
5.76149
5.78571
-nan
-nan
-nan
-nan
5.38753
5.40112
5.1897
5.23358
5.50404
5.64306
5.10565
-nan
5.02418
5.01563
4.79261
4.7849
5.17885
5.17136
4.50975
4.56916
4.76812
4.76294
4.4921
4.50554
5.0174
5.01999
4.20583
4.24973
4.60092
4.61205
4.3282
4.31988
4.98555
5.08314
4.24883
4.30826
4.54429
4.57069
4.25929
4.30891
-nan
-nan
-nan
-nan
4.6061
4.71374
4.43655
4.52628
-nan
-nan
-nan
-nan
5.41111
5.2472
4.98778
4.65997
5.68545
5.73223
4.98672
-nan
5.8748
5.85352
5.61515
5.58621
5.99631
5.99238
4.72505
4.92376
6.06355
6.04527
5.78433
5.75277
6.18392
6.16152
5.36884
5.24336
6.13048
6.12843
5.30589
5.57803
6.25218
6.22864
5.19144
5.25568
4.31233
6.09609
3.7015
3.74962
-nan
-nan
-nan
-nan
4.84953
5.49899
4.60726
3.93719
-nan
-nan
-nan
-nan
5.83104
5.8487
6.05961
6.05702
5.4962
4.80984
6.2103
-nan
5.731
5.72285
6.00581
6.01419
5.3585
5.37735
6.17493
6.16677
5.64877
5.65128
5.94452
5.93356
5.26891
5.30037
6.12227
6.09869
5.5571
5.57428
5.87366
5.8743
5.28492
5.34972
6.09094
6.07509
5.54025
5.54667
5.83743
5.86008
-nan
-nan
-nan
-nan
5.56401
5.60361
5.87693
5.8871
-nan
-nan
-nan
-nan
3.38087
3.43672
3.02379
3.05429
3.66053
3.93523
3.43048
-nan
4.10914
4.11521
3.82254
3.80954
4.31982
4.34409
3.4271
3.45206
4.48385
4.49453
4.19345
4.18885
4.73282
4.76623
3.85118
3.90444
4.69566
4.68553
4.39312
4.41127
5.03671
5.15346
4.32937
4.40693
4.82496
4.89416
4.57531
4.65171
-nan
-nan
-nan
-nan
5.02913
5.16161
4.92727
5.00964
-nan
-nan
-nan
-nan
4.71805
3.2546
4.79279
4.81552
3.23262
3.53136
4.49746
-nan
4.91701
4.67236
4.44813
4.4418
3.43375
3.26707
3.97311
4.01098
4.70834
4.70011
4.21717
4.21049
4.94388
3.76988
3.68807
3.72662
4.56472
4.56541
4.07945
4.06644
5.10399
5.11275
3.68719
3.74618
4.5123
4.54937
4.05376
4.0931
-nan
-nan
-nan
-nan
4.59778
4.7336
4.25713
4.32993
-nan
-nan
-nan
-nan
4.16908
4.2344
3.48681
3.49377
4.74114
4.86161
3.45301
-nan
3.99407
4.10585
3.20247
3.21162
4.75951
4.77301
3.71968
3.7677
3.21579
3.67119
3.20623
3.18827
4.47133
4.85328
3.98014
4.01925
3.2699
3.25563
3.37418
3.34742
3.77332
4.28862
4.38117
4.44886
3.33327
3.36821
3.54645
3.61475
-nan
-nan
-nan
-nan
3.71177
3.9225
3.91193
3.98037
-nan
-nan
-nan
-nan
4.27821
4.32376
4.44472
4.47473
4.02786
4.30068
4.6484
-nan
4.7946
4.79583
4.97838
4.94943
4.52102
4.53548
5.03846
5.07407
5.0452
5.0471
5.24128
5.22037
4.8158
4.88188
5.31489
5.33681
5.18022
5.17701
5.34937
5.36194
5.06724
5.18386
5.57671
5.60703
5.26315
5.3161
5.45013
5.50008
-nan
-nan
-nan
-nan
5.40524
5.49839
5.65454
5.71599
-nan
-nan
-nan
-nan
5.07366
5.08252
4.71471
4.80529
5.36141
5.50348
4.45915
-nan
5.0653
5.01848
4.66855
4.6696
5.3284
5.32633
4.15657
4.1696
5.05355
5.0055
4.59922
4.60092
5.35073
5.35623
4.03124
4.06197
5.03001
4.98285
4.55241
4.53428
5.43408
5.50878
4.16318
4.19949
5.03766
5.04623
4.54708
4.60624
-nan
-nan
-nan
-nan
5.10821
5.19777
4.7575
4.82772
-nan
-nan
-nan
-nan
4.54961
4.63398
4.92227
4.93929
4.1103
4.16342
5.2766
-nan
4.30987
4.33542
4.79768
4.74814
3.76753
3.79134
5.05366
5.06872
4.16295
4.21739
4.60014
4.57164
3.59326
3.66208
4.9492
4.99352
3.97938
4.05129
4.46966
4.43472
3.59884
3.70404
5.0944
5.13374
3.94198
4.01761
4.47993
4.51283
-nan
-nan
-nan
-nan
4.04832
4.21761
4.75065
4.80851
-nan
-nan
-nan
-nan
5.33765
4.69476
5.90904
5.95864
4.86023
5.60525
6.22852
-nan
4.44467
4.94294
6.10819
6.16211
4.40647
5.2901
6.26344
6.25983
5.26999
3.56068
6.11245
6.14013
3.42639
3.71016
6.24292
6.227
5.83947
4.98905
6.13033
6.12322
3.41096
3.67293
6.222
6.20432
5.91743
5.8565
6.15766
6.12887
-nan
-nan
-nan
-nan
5.89159
5.69526
6.12251
6.1056
-nan
-nan
-nan
-nan
3.55742
3.5917
3.51731
4.99784
3.56974
3.78726
5.34301
-nan
5.33109
3.61266
5.58122
4.73225
3.57051
3.61147
5.0781
4.5097
5.91654
5.90375
5.61971
5.62028
5.87769
3.94047
5.22427
5.23379
5.82596
5.81096
5.53243
5.53277
6.0173
5.94197
5.26614
5.29684
5.76908
5.77487
5.47801
5.51142
-nan
-nan
-nan
-nan
5.75645
5.78963
5.53423
5.56221
-nan
-nan
-nan
-nan
3.16762
3.21892
3.14625
3.18146
3.57074
3.43219
3.32105
-nan
3.47587
3.49334
3.81208
3.80141
3.13779
3.16202
4.01185
4.04435
3.90965
3.92349
4.22505
4.22542
3.58648
3.65226
4.46646
4.49666
4.14243
4.15505
4.45659
4.45546
3.99886
4.14871
4.91614
4.97608
4.32815
4.38715
4.65571
4.72397
-nan
-nan
-nan
-nan
4.56963
4.70894
4.99665
5.07559
-nan
-nan
-nan
-nan
3.2721
3.34856
3.89738
4.02447
3.50323
3.82339
4.59315
-nan
3.22038
3.25324
2.91208
3.4691
3.98082
4.01779
3.30112
4.1855
3.45312
3.50251
2.86336
2.89996
4.25397
4.34319
2.74506
2.87214
3.58767
3.63132
2.86132
2.90113
4.5498
4.69138
2.95051
2.94189
3.72301
3.80123
2.93595
2.99004
-nan
-nan
-nan
-nan
4.00121
4.16971
3.32783
3.34297
-nan
-nan
-nan
-nan
3.52669
3.11775
3.80927
3.71177
2.4698
3.51399
3.3106
-nan
3.36058
3.66872
3.22464
3.22852
3.5873
3.4059
3.21302
3.25718
4.01121
4.11315
3.27216
3.28169
3.88661
4.21857
3.26009
3.32208
3.47457
3.80507
3.23258
3.26237
3.64408
4.17568
3.53278
3.69158
3.19782
3.87692
3.26437
3.38386
-nan
-nan
-nan
-nan
3.34794
3.58788
3.58131
3.91729
-nan
-nan
-nan
-nan
4.14305
4.20244
3.89428
3.9019
4.29177
4.60688
3.70547
-nan
4.72486
4.72001
4.45633
4.45815
4.87964
4.88492
4.08207
4.12645
5.0416
5.03623
4.74173
4.73593
5.2332
5.25127
4.37483
4.42534
5.21322
5.18712
4.89799
4.91429
5.49059
5.56624
4.77519
4.83858
5.32003
5.35281
5.02587
5.09415
-nan
-nan
-nan
-nan
5.46444
5.54362
5.30927
5.37723
-nan
-nan
-nan
-nan
4.36884
4.36667
4.16438
4.23553
3.35748
3.49159
4.0733
-nan
3.77
3.76954
3.51675
3.50983
3.40043
3.22165
3.23368
3.26332
3.31031
3.31532
3.23924
3.24727
3.38777
3.31394
3.80482
3.85965
3.33979
3.28028
3.34568
3.27145
3.43304
3.54765
4.06708
4.40361
3.55544
3.67828
4.08618
4.05722
-nan
-nan
-nan
-nan
3.52666
3.64192
3.91214
4.57304
-nan
-nan
-nan
-nan
4.35528
4.41867
4.78818
4.79305
3.87047
4.05951
5.21707
-nan
4.6478
4.62772
5.13764
5.08975
3.90299
3.97325
5.44406
5.44202
4.54143
4.36612
5.35637
5.28051
3.33861
3.40429
5.63003
5.59629
3.66339
3.50376
5.34023
5.39131
3.76243
3.96004
5.82445
5.81347
4.29631
4.42211
4.47944
5.46721
-nan
-nan
-nan
-nan
4.79702
4.97693
5.28277
4.80987
-nan
-nan
-nan
-nan
5.3722
5.01093
5.07697
4.25277
6.08026
6.08348
5.29514
-nan
4.88485
5.66319
5.27474
5.35504
5.34278
5.80121
4.6897
5.07428
5.63448
4.6742
5.41603
5.41056
4.89314
5.41449
5.13553
4.52469
5.44458
5.45174
5.24117
5.23452
5.09753
4.61863
5.1237
5.0795
5.30836
5.33935
5.1195
5.1759
-nan
-nan
-nan
-nan
4.95118
4.67328
5.18293
5.22829
-nan
-nan
-nan
-nan
6.00433
6.04245
5.29816
4.40766
5.85705
5.9388
3.45888
-nan
6.0326
6.04289
4.36396
3.80287
5.81787
5.82777
3.42768
3.47141
5.52174
6.00762
3.44877
3.46646
5.76314
5.78285
3.49543
3.52236
5.39769
5.89155
3.47362
3.49256
5.75103
5.80313
3.70122
3.72775
5.89835
5.87786
4.33176
3.59777
-nan
-nan
-nan
-nan
5.94431
5.95496
6.08924
5.56103
-nan
-nan
-nan
-nan
5.75025
5.77296
5.53533
5.5324
5.85813
5.95861
5.29673
-nan
5.80128
5.82606
5.56704
5.57111
5.92842
5.93846
5.20408
5.20852
5.80854
5.79618
5.5471
5.53528
5.94972
5.94565
5.19406
5.20852
5.79653
5.77995
5.53163
5.51485
5.9695
6.01097
5.33378
5.38191
5.81785
5.82295
5.55878
5.58834
-nan
-nan
-nan
-nan
5.87425
5.91931
5.71323
5.73622
-nan
-nan
-nan
-nan
3.94962
4.00015
3.51879
3.59538
4.29087
4.5653
3.43505
-nan
3.42057
3.41948
3.19749
3.2391
3.92527
3.95522
3.8883
4.01244
3.12166
3.13933
3.65639
3.74484
3.72009
3.77714
4.34777
4.45233
3.40015
3.27619
4.02291
4.04598
3.70079
3.8426
4.71165
4.76952
3.66429
3.58429
4.2694
4.3318
-nan
-nan
-nan
-nan
3.94846
3.86405
4.68628
4.72388
-nan
-nan
-nan
-nan
4.97332
5.03134
5.29302
5.30208
4.59935
4.78192
5.60968
-nan
5.10298
5.11993
5.47181
5.46667
4.65043
4.66671
5.72978
5.73753
5.14405
5.14765
5.55238
5.55974
4.69973
4.73676
5.79923
5.81927
5.17227
5.16913
5.56559
5.58165
4.82868
4.92797
5.92837
5.94781
5.21256
5.23553
5.62162
5.65685
-nan
-nan
-nan
-nan
5.30857
5.37411
5.74622
5.77479
-nan
-nan
-nan
-nan
5.22739
5.25463
5.27228
5.26618
5.08027
5.25698
5.30967
-nan
5.58723
5.59004
5.62718
5.62437
5.42684
5.43349
5.54776
5.5698
5.7655
5.74541
5.80748
5.79851
5.6287
5.65315
5.71311
5.70886
5.83971
5.83562
5.86079
5.86763
5.75903
5.82932
5.86767
5.88156
5.87795
5.90646
5.91194
5.94565
-nan
-nan
-nan
-nan
5.95494
5.99395
6.01124
6.0363
-nan
-nan
-nan
-nan
5.78552
5.862
5.94034
5.89253
5.6075
5.75459
6.00526
-nan
5.6681
5.68631
5.84247
5.84278
5.39105
5.419
5.91533
5.9177
5.53983
5.54686
5.75515
5.75655
5.26946
5.30806
5.8483
5.85686
5.46252
5.47224
5.69182
5.68329
5.2858
5.38267
5.88416
5.89768
5.44497
5.45796
5.67406
5.70382
-nan
-nan
-nan
-nan
5.48803
5.55665
5.76912
5.79561
-nan
-nan
-nan
-nan
5.86834
5.85888
5.77744
5.79267
5.87548
5.92164
5.73771
-nan
5.69887
5.71548
5.55603
5.53425
5.71007
5.68819
5.34351
5.41624
5.56243
5.56495
5.37088
5.34979
5.59163
5.5894
5.18245
5.18836
5.06281
5.14791
5.26531
5.24553
5.18172
5.04798
5.21852
5.25406
3.84169
3.80732
5.19997
5.2522
-nan
-nan
-nan
-nan
3.45342
3.73658
3.82713
5.33216
-nan
-nan
-nan
-nan
5.11303
5.11301
4.99142
5.00565
5.06194
4.82486
4.82718
-nan
5.53477
5.54758
5.36342
5.39001
4.65974
3.89013
5.16744
5.17909
5.72968
5.68397
5.5645
5.58308
3.99912
3.68606
5.35339
5.38152
5.71368
5.26932
5.64967
5.64805
3.59583
3.70669
5.55549
5.594
5.73587
5.83851
5.63116
5.73173
-nan
-nan
-nan
-nan
5.76534
5.64447
5.6967
5.77442
-nan
-nan
-nan
-nan
5.3919
4.7223
5.54052
4.66415
4.44011
5.92855
5.33161
-nan
5.78826
5.80511
5.94127
5.93212
5.58159
4.97883
5.98181
5.20578
5.57727
5.63306
5.76343
5.77053
5.42064
5.44612
5.8336
5.84633
5.47404
5.47283
5.64795
5.65337
5.34736
5.43179
5.81312
5.82819
5.39749
5.41359
5.59022
5.61286
-nan
-nan
-nan
-nan
5.4015
5.48688
5.64154
5.68487
-nan
-nan
-nan
-nan
5.00946
5.03677
4.77392
4.81121
5.17998
5.3691
4.63027
-nan
4.65375
4.62743
4.34491
4.34947
4.84821
4.84646
4.01057
4.06044
4.42528
4.3854
4.07256
4.05982
4.68692
4.69811
3.703
3.73749
4.27539
4.25192
3.90093
3.89947
4.70696
4.81493
3.70213
3.77064
4.22048
4.23259
3.84149
3.87959
-nan
-nan
-nan
-nan
4.28781
4.38971
3.99771
4.05713
-nan
-nan
-nan
-nan
5.61103
5.63866
5.40897
5.4453
5.74851
5.85473
5.25682
-nan
5.36772
5.36396
5.14189
5.13193
5.5198
5.52673
4.85435
4.91071
5.16402
5.15801
4.93264
4.91532
5.34078
5.37946
4.67345
4.71957
5.02637
5.03323
4.79307
4.80285
5.30739
5.40344
4.75474
4.80658
4.96587
5.00321
4.74857
4.80347
-nan
-nan
-nan
-nan
5.03159
5.12849
4.94031
5.01078
-nan
-nan
-nan
-nan
5.47344
5.55448
5.70937
5.67938
5.26575
4.75958
5.87604
-nan
5.4842
5.48847
5.73721
5.71323
5.14966
5.16995
5.86807
5.85491
5.44584
5.43458
5.73727
5.69397
5.09861
5.14657
5.8778
5.85327
5.45878
5.42989
5.72836
5.70953
5.21119
5.29459
5.93597
5.9468
5.50235
5.498
5.76922
5.76546
-nan
-nan
-nan
-nan
5.54795
5.61628
5.86436
5.88751
-nan
-nan
-nan
-nan
5.56981
5.57788
5.74346
5.74249
5.31224
5.46342
5.87352
-nan
5.66063
5.63927
5.85814
5.85853
5.36352
5.34416
5.92607
5.92463
5.6907
5.67114
5.89892
5.88899
5.40277
5.41664
5.97509
5.95052
5.71703
5.69404
5.92268
5.90124
5.49532
5.55897
6.03734
6.05229
5.7313
5.73786
5.94362
5.95312
-nan
-nan
-nan
-nan
5.80795
5.84543
6.03714
6.03954
-nan
-nan
-nan
-nan
5.60331
5.627
5.30977
5.31248
5.8209
5.89528
5.0391
-nan
5.55473
5.53961
5.2158
5.19909
5.76825
5.77887
4.75501
4.79315
5.49889
5.49911
5.11936
5.07564
5.75347
5.76265
4.58318
4.63646
5.44117
5.45152
5.0824
4.98692
5.76656
5.81703
4.65469
4.59464
5.46315
5.4689
5.128
5.14624
-nan
-nan
-nan
-nan
5.50956
5.56677
5.27654
5.31075
-nan
-nan
-nan
-nan
3.15712
3.26236
3.79077
3.79495
3.82304
4.15102
4.35039
-nan
3.39514
3.48247
3.52609
3.48559
4.3597
4.06695
4.08797
4.13232
3.66434
3.93112
3.32707
3.31512
4.71141
4.75941
4.02988
4.05997
3.73153
4.08352
3.2431
3.20221
4.95893
5.05946
4.22993
4.30264
3.44179
4.11769
3.32324
3.36747
-nan
-nan
-nan
-nan
3.57029
4.12751
3.60454
3.68649
-nan
-nan
-nan
-nan
4.95579
4.96583
4.96119
4.98175
4.14777
4.72244
4.90612
-nan
4.32968
4.48046
5.39728
5.42297
3.84952
4.60513
5.26896
5.27325
3.52456
3.53127
3.51781
5.01565
3.56188
4.5474
5.3695
5.52775
3.55742
3.54836
3.54434
3.53283
3.84991
4.56017
3.72249
4.46777
3.6206
3.63978
3.62906
3.65612
-nan
-nan
-nan
-nan
3.74224
3.82759
3.84665
3.87725
-nan
-nan
-nan
-nan
6.1866
6.15066
4.98516
4.58682
5.99314
6.02552
5.15819
-nan
5.62087
6.094
5.30472
5.99022
5.91627
5.88969
6.10441
6.0929
5.18216
5.88069
6.03863
6.10276
5.95224
5.43346
6.02845
6.02419
5.37507
5.4145
6.04985
6.03358
5.81234
5.49518
6.02245
6.00716
5.9461
5.16153
6.05195
6.04323
-nan
-nan
-nan
-nan
5.92396
5.45136
6.02433
6.03959
-nan
-nan
-nan
-nan
5.33669
5.37514
5.26512
5.25703
5.34752
5.52543
5.19168
-nan
5.6604
5.66084
5.58542
5.58129
5.6097
5.63528
5.40771
5.41034
5.79056
5.80715
5.74792
5.71244
5.76781
5.77917
5.54069
5.56697
5.8608
5.86476
5.78419
5.80188
5.86336
5.91665
5.72377
5.7448
5.90125
5.91752
5.84064
5.88141
-nan
-nan
-nan
-nan
5.96568
6.00399
5.94134
5.98467
-nan
-nan
-nan
-nan
5.63716
5.71056
5.66657
5.71608
5.56741
5.78197
5.68064
-nan
5.3434
5.34826
5.41755
5.40869
5.21105
5.25443
5.3505
5.37533
5.14086
5.13481
5.24345
5.21072
5.01721
5.05332
5.22279
5.19437
5.04653
5.00792
5.14855
5.1346
4.99326
5.10283
5.30814
5.32878
5.01015
5.02666
5.13471
5.1733
-nan
-nan
-nan
-nan
5.06691
5.14561
5.25932
5.3188
-nan
-nan
-nan
-nan
5.3636
4.57648
5.53208
5.55381
4.50628
5.27923
5.69955
-nan
5.0784
5.03826
5.29396
5.29362
4.56849
3.93908
5.40794
5.44273
4.94515
4.92353
5.16378
5.12439
4.7545
4.57458
5.28001
5.26855
4.84753
4.8603
5.06557
5.0591
4.70991
4.81652
5.35195
5.38351
4.78415
4.81497
5.02841
5.06893
-nan
-nan
-nan
-nan
4.81345
4.91106
5.18092
5.21993
-nan
-nan
-nan
-nan
4.61934
4.65241
4.82222
4.8449
4.34495
4.66847
5.02507
-nan
5.08623
5.07509
5.30082
5.30329
4.74917
4.77337
5.38534
5.40424
5.31282
5.3074
5.53964
5.52709
5.01956
5.04554
5.62993
5.63234
5.43596
5.43023
5.65781
5.66006
5.24627
5.32841
5.836
5.85705
5.52906
5.55464
5.76661
5.78824
-nan
-nan
-nan
-nan
5.64767
5.70835
5.90186
5.92638
-nan
-nan
-nan
-nan
5.53483
5.62169
5.25839
5.24427
5.78257
6.01959
4.98432
-nan
5.74757
5.78004
5.44701
5.41706
5.93641
5.99797
5.05252
5.04161
5.82063
5.83421
5.53065
5.50878
5.99615
6.03154
5.14212
5.14104
5.86814
5.86474
5.58161
5.55739
6.05083
6.08214
5.36865
5.37903
5.89384
5.90236
5.64756
5.65724
-nan
-nan
-nan
-nan
5.96669
6.007
5.79183
5.81675
-nan
-nan
-nan
-nan
3.27149
3.32859
3.97223
3.99099
3.59747
3.90798
4.55442
-nan
3.17154
3.17717
3.84593
3.84916
3.89033
4.08891
4.45833
4.49638
3.13151
3.14507
3.73422
3.75239
3.86528
4.34916
4.4417
4.49156
3.11641
3.1192
3.66045
3.67388
3.57983
4.19805
4.65384
4.73038
3.16467
3.21537
3.68733
3.75403
-nan
-nan
-nan
-nan
3.34954
3.44891
3.94378
4.04778
-nan
-nan
-nan
-nan
5.38415
5.43964
5.02786
3.73317
5.2099
3.70007
3.90309
-nan
4.93847
4.9486
4.69911
4.15731
4.18755
3.92915
4.56281
4.4727
4.60217
4.6162
4.41307
4.00577
3.84931
3.66173
4.227
4.32152
4.3658
4.2917
4.18772
3.91624
3.70126
3.80322
4.03173
4.28181
4.24629
4.27792
4.1047
4.10199
-nan
-nan
-nan
-nan
4.22536
4.19628
4.21326
4.25104
-nan
-nan
-nan
-nan
6.02633
6.02584
6.1417
5.35157
5.8366
5.49583
4.27747
-nan
6.18244
6.18133
6.31131
6.28837
5.14668
4.92046
6.25243
5.43547
6.20213
6.1322
6.32282
6.32802
4.01044
3.78527
6.27921
6.27579
5.91433
5.35538
6.31848
6.33566
3.7208
3.82035
6.25629
6.26329
5.99541
4.92033
6.30524
6.30227
-nan
-nan
-nan
-nan
6.19795
5.53095
6.28405
6.2706
-nan
-nan
-nan
-nan
4.61733
4.65398
4.37552
4.39261
4.78972
5.00844
4.16539
-nan
5.09647
5.09218
4.82486
4.8279
5.27824
5.27616
4.42847
4.4822
5.33831
5.34164
5.02922
5.03667
5.53243
5.56521
4.6574
4.70767
5.46147
5.47093
5.15231
5.15415
5.71637
5.78846
4.99422
5.05802
5.55325
5.5796
5.25399
5.30093
-nan
-nan
-nan
-nan
5.66098
5.73732
5.48658
5.5455
-nan
-nan
-nan
-nan
5.86902
5.93783
5.68069
5.69874
5.73964
3.66337
5.52808
-nan
5.60927
5.6211
5.40007
5.40759
5.75167
5.32847
5.14149
5.17602
5.3739
5.39035
5.18416
5.16582
5.52219
5.58333
4.92486
4.95599
5.24128
5.2356
5.02619
5.01618
5.45392
5.54326
4.99594
5.04203
5.15602
5.19407
4.96801
5.01152
-nan
-nan
-nan
-nan
5.19278
5.29137
5.1304
5.19477
-nan
-nan
-nan
-nan
5.62243
5.6347
5.70727
5.7108
5.44578
5.57445
5.88853
-nan
5.86856
5.89056
5.98859
5.97797
5.55791
5.63017
6.02
6.08529
5.65642
5.67346
6.07087
6.05975
3.7991
3.83664
6.04927
6.0812
4.08545
3.78973
5.84579
6.06074
3.75887
3.77831
6.08652
6.11469
3.72699
3.7352
4.77513
5.90932
-nan
-nan
-nan
-nan
3.90215
3.83477
4.78244
4.87824
-nan
-nan
-nan
-nan
4.40278
4.45873
4.54192
4.55152
4.20719
4.47938
4.70716
-nan
4.94343
4.95323
5.11946
5.10476
4.70772
4.71278
5.15281
5.1609
5.25401
5.23839
5.39211
5.40348
5.00958
5.052
5.45607
5.46109
5.40495
5.39177
5.55853
5.56227
5.26065
5.35148
5.70946
5.73303
5.51583
5.54574
5.68575
5.72157
-nan
-nan
-nan
-nan
5.64329
5.70707
5.85748
5.88623
-nan
-nan
-nan
-nan
5.41126
5.49148
5.04379
5.07156
5.74936
5.66653
4.76822
-nan
5.5861
5.61838
5.16969
5.16387
5.86911
5.97473
4.71232
4.8203
5.58627
5.63718
5.13778
5.11246
5.89713
5.95097
4.60316
4.6936
5.56467
5.59832
5.0898
5.03669
5.93595
5.99149
4.76567
4.79065
5.55832
5.61183
5.16843
5.14663
-nan
-nan
-nan
-nan
5.65694
5.74988
5.41979
5.41153
-nan
-nan
-nan
-nan
4.75796
4.80281
5.18953
5.19905
4.27769
4.48843
5.57955
-nan
4.64543
4.65653
5.14726
5.14277
4.04797
4.05816
5.56931
5.6252
4.5292
4.53132
5.06541
5.07944
3.93635
3.98406
5.51285
5.53962
4.43935
4.41891
5.01082
5.00416
3.98997
4.1064
5.58677
5.62319
4.42825
4.47598
5.00178
5.06172
-nan
-nan
-nan
-nan
4.51243
4.64593
5.20207
5.25952
-nan
-nan
-nan
-nan
5.70961
5.735
5.5491
5.55982
5.78131
5.87005
5.28809
-nan
5.09694
5.94821
5.25353
5.70169
5.98519
6.01401
4.47125
5.1328
3.73213
4.52318
3.54708
3.54849
5.88235
6.07638
3.5477
3.55261
3.72452
4.96794
3.57383
3.61952
5.87408
5.99777
3.7228
3.75668
3.61481
4.55139
3.58293
3.67537
-nan
-nan
-nan
-nan
4.58824
5.40581
3.6178
3.75111
-nan
-nan
-nan
-nan
4.47352
4.64818
5.47099
5.46934
5.05807
4.44236
5.68083
-nan
4.73354
4.24764
5.18522
5.19561
4.64314
4.63713
5.34189
5.37779
4.61806
4.27458
4.92922
4.9313
4.08451
4.38822
5.13644
5.15321
4.44085
4.42646
4.73588
4.73567
3.82303
4.00089
5.09549
4.95384
4.31994
4.34488
4.65732
4.69928
-nan
-nan
-nan
-nan
4.3187
4.42591
4.7567
4.69183
-nan
-nan
-nan
-nan
3.61881
3.66573
3.96419
3.99434
3.20109
3.47812
4.35648
-nan
4.253
4.24191
4.59729
4.60903
3.83537
3.83886
4.83607
4.8656
4.57033
4.55096
4.91208
4.91574
4.18994
4.24849
5.16932
5.19866
4.72649
4.72798
5.08346
5.08609
4.51613
4.64534
5.4774
5.51153
4.86101
4.918
5.21527
5.27047
-nan
-nan
-nan
-nan
5.03984
5.14866
5.46107
5.52236
-nan
-nan
-nan
-nan
5.62286
5.66344
5.30603
5.33591
5.86948
6.00721
5.03341
-nan
5.73237
5.73196
5.39034
5.38259
5.96212
5.98207
4.95604
4.97544
5.74904
5.76125
5.39349
5.38743
5.97426
5.99759
4.96278
4.97508
5.75248
5.75279
5.40528
5.40919
6.02126
6.03954
5.13295
5.1755
5.79122
5.79475
5.42235
5.4674
-nan
-nan
-nan
-nan
5.83309
5.87309
5.57853
5.61039
-nan
-nan
-nan
-nan
5.18025
5.20374
5.33088
5.34393
4.99538
5.10943
4.71348
-nan
4.74754
4.73447
4.90712
4.91752
4.54057
4.54235
4.48351
3.68379
4.44273
4.41196
4.59244
4.58892
4.25124
4.27889
4.71163
4.01815
4.21162
4.20096
4.39596
4.39238
4.15868
4.25334
4.7503
4.4406
4.0779
4.13207
4.30065
4.36745
-nan
-nan
-nan
-nan
4.10502
4.2217
4.46305
4.55221
-nan
-nan
-nan
-nan
4.90534
4.93918
4.62814
4.63927
5.11082
5.29385
4.39446
-nan
5.31168
5.30377
5.00646
5.01664
5.48502
5.5007
4.62603
4.64639
5.48794
5.49622
5.17808
5.18467
5.69231
5.72127
4.81171
4.84788
5.58277
5.58516
5.27279
5.29022
5.84307
5.88768
5.10361
5.1592
5.65282
5.67333
5.3511
5.39237
-nan
-nan
-nan
-nan
5.74084
5.80027
5.54988
5.60535
-nan
-nan
-nan
-nan
4.84898
4.89762
4.53892
4.60412
5.12375
5.32025
4.29253
-nan
4.47351
4.50451
4.0693
4.08345
4.81557
4.83489
3.59142
3.66118
4.20189
4.21936
3.70221
3.72075
4.6198
4.69857
3.21218
3.3385
4.0153
4.02788
3.45322
3.47217
4.62551
4.7633
3.45407
3.54262
3.93966
3.98859
3.378
3.44873
-nan
-nan
-nan
-nan
4.01896
4.15571
3.56182
3.62949
-nan
-nan
-nan
-nan
5.85891
5.87264
5.97178
5.98961
5.65815
5.79353
6.03606
-nan
5.74745
5.75854
5.85459
5.88
5.52646
5.55153
5.8753
5.88753
5.57493
5.59298
5.69554
5.74181
5.376
5.45229
5.74192
5.77451
5.35789
5.38303
5.53427
5.61203
5.27576
5.40357
5.73417
5.77866
5.1809
5.22465
5.40419
5.54285
-nan
-nan
-nan
-nan
5.19342
4.46223
5.73664
5.67845
-nan
-nan
-nan
-nan
4.44403
5.25651
5.81539
5.78094
5.32761
5.45253
5.977
-nan
4.6322
4.89483
5.61516
5.616
4.9995
4.99274
5.7907
5.80229
4.64207
4.49475
5.43566
5.43986
4.80109
4.8342
5.65327
5.657
4.86373
4.30632
5.30194
5.29644
4.73923
4.82926
5.6261
5.64024
4.90504
4.8325
5.23086
5.27382
-nan
-nan
-nan
-nan
4.91444
4.81406
5.32079
5.35689
-nan
-nan
-nan
-nan
5.98637
6.01171
5.7953
5.74768
6.07358
6.1185
5.53729
-nan
6.10882
6.08174
5.87555
5.84423
6.16843
6.15104
5.49626
5.50154
6.16857
6.11939
5.53967
5.75802
6.23213
6.18157
5.05303
5.50989
3.56182
4.96253
3.55147
3.52643
5.97165
6.21785
3.71225
3.75459
3.61828
3.64336
3.62253
3.64897
-nan
-nan
-nan
-nan
3.71058
3.78584
3.81324
3.85977
-nan
-nan
-nan
-nan
3.98511
4.0367
4.28757
4.33968
3.60881
3.96996
4.64152
-nan
4.55222
4.5286
4.85772
4.87091
4.14157
4.12872
5.07165
5.11442
4.84496
4.82741
5.15149
5.14997
4.47102
4.5199
5.36765
5.39623
4.99408
4.99079
5.30592
5.319
4.76107
4.88111
5.62943
5.6767
5.11912
5.1533
5.43128
5.47223
-nan
-nan
-nan
-nan
5.27377
5.35713
5.6409
5.67914
-nan
-nan
-nan
-nan
6.03726
6.06909
5.94096
5.95237
6.03802
6.11828
5.83636
-nan
5.91327
5.8933
5.83522
5.80177
5.86525
5.86702
5.63675
5.64203
5.77677
5.77945
5.69345
5.68331
5.75573
5.76125
5.52674
5.5289
5.67806
5.66756
5.59673
5.60526
5.72734
5.77252
5.55644
5.57469
5.64446
5.66641
5.56362
5.59489
-nan
-nan
-nan
-nan
5.669
5.71778
5.64505
5.70003
-nan
-nan
-nan
-nan
5.98
5.97925
5.974
5.95744
5.90339
5.96886
5.24463
-nan
5.84075
5.84643
5.82038
5.82769
5.75752
5.75071
5.59877
4.3505
5.69992
5.70364
5.66944
5.6721
5.62792
5.65455
5.55978
5.58528
5.57654
5.58368
5.55225
5.55294
5.59264
5.66263
5.58842
5.61134
5.52186
5.53749
5.50538
5.54708
-nan
-nan
-nan
-nan
5.54813
5.61474
5.61013
5.65124
-nan
-nan
-nan
-nan
5.40212
5.42308
5.13136
5.14041
5.57099
5.71088
4.86201
-nan
5.65864
5.66328
5.36837
5.35554
5.8351
5.82719
4.96521
4.99638
5.77757
5.77825
5.45829
5.45164
5.95384
5.96311
5.06375
5.0887
5.80728
5.81235
5.4859
5.49016
6.03643
6.05556
5.2675
5.31513
5.84718
5.86994
5.53489
5.57882
-nan
-nan
-nan
-nan
5.91001
5.94972
5.68852
5.72739
-nan
-nan
-nan
-nan
5.36538
5.39394
5.15261
5.17526
5.52291
5.67459
4.97242
-nan
5.07293
5.06404
4.81745
4.81499
5.26215
5.26701
4.48019
4.51026
4.83359
4.83618
4.54098
4.54182
5.08545
5.13311
4.21234
4.25022
4.68726
4.68294
4.37718
4.38741
5.05739
5.16193
4.22328
4.29507
4.60283
4.64212
4.28501
4.35418
-nan
-nan
-nan
-nan
4.67616
4.77963
4.46113
4.54049
-nan
-nan
-nan
-nan
5.12997
5.19921
5.40806
5.43162
4.82213
5.08007
5.67041
-nan
5.32528
5.31859
5.62202
5.64229
4.89539
4.90227
5.82298
5.85056
5.3772
5.37608
5.70986
5.72546
4.95983
4.97184
5.9138
5.92747
5.39783
5.37974
5.74484
5.74357
5.08393
5.17017
6.00511
6.0278
5.44473
5.45551
5.79496
5.8145
-nan
-nan
-nan
-nan
5.54121
5.60503
5.90197
5.9282
-nan
-nan
-nan
-nan
5.95112
5.99877
5.72988
5.66465
5.769
5.42278
4.44098
-nan
5.6172
5.64549
5.48155
5.44896
3.87288
3.82628
4.60644
4.54881
4.65337
4.23358
5.2785
5.25353
3.56025
3.63417
4.92601
4.21899
3.50978
3.51611
4.61146
5.11916
3.66291
3.77114
4.95104
4.82061
5.31254
4.56839
4.88088
3.96711
-nan
-nan
-nan
-nan
5.37409
5.43533
5.18396
5.22746
-nan
-nan
-nan
-nan
5.02105
5.04665
5.27326
5.3229
4.77248
4.28118
5.43504
-nan
5.42457
5.42739
5.63656
5.63834
5.14309
5.14755
5.75257
5.73853
5.61909
5.62609
5.82631
5.81353
5.33118
5.37485
5.92412
5.92936
5.71523
5.73173
5.95296
5.9242
5.42771
5.49434
6.05504
6.05036
4.32499
5.45631
4.73347
6.04033
-nan
-nan
-nan
-nan
3.71511
3.81643
3.85287
3.89416
-nan
-nan
-nan
-nan
5.21982
5.24537
4.94349
4.95686
5.40069
5.54945
4.69306
-nan
5.558
5.54217
5.24767
5.23334
5.71935
5.73307
4.83957
4.85511
5.708
5.71449
5.387
5.38556
5.89678
5.9044
4.98688
5.01202
5.77079
5.77429
5.43882
5.44999
6.0023
6.02964
5.23353
5.27356
5.82977
5.84403
5.51397
5.54919
-nan
-nan
-nan
-nan
5.89112
5.93232
5.67232
5.72127
-nan
-nan
-nan
-nan
4.73172
4.7816
4.4616
4.51946
4.95843
5.20022
4.26217
-nan
4.32437
4.31646
3.96369
3.96144
4.60587
4.62623
3.54985
3.60362
4.01489
4.02406
3.58932
3.59802
4.37952
4.45583
3.37506
3.50256
3.80868
3.79952
3.3151
3.32215
4.37461
4.50885
3.5164
3.74465
3.71007
3.7416
3.3203
3.39106
-nan
-nan
-nan
-nan
3.76424
3.88879
3.60464
3.68201
-nan
-nan
-nan
-nan
5.66797
5.68939
5.86802
5.87366
5.39681
5.41058
6.03269
-nan
5.64599
5.65098
5.85337
5.87558
5.32841
5.31588
5.9798
5.99343
5.6053
5.60159
5.83247
5.83927
5.31438
5.31423
5.93819
5.93065
5.59812
5.56834
5.80407
5.81175
5.35927
5.42865
5.97999
5.9882
5.58172
5.58231
5.81899
5.83248
-nan
-nan
-nan
-nan
5.60935
5.66202
5.87733
5.90067
-nan
-nan
-nan
-nan
5.44017
5.4747
5.6763
5.66141
5.14245
5.28023
5.84616
-nan
5.27846
5.27626
5.57114
5.54933
4.9048
4.90502
5.72067
5.72027
5.14677
5.14346
5.47325
5.46629
4.78816
4.82505
5.65789
5.64627
5.07345
5.06104
5.40527
5.39218
4.81946
4.91864
5.72266
5.75149
5.05756
5.06748
5.40766
5.43437
-nan
-nan
-nan
-nan
5.13753
5.22114
5.54259
5.56337
-nan
-nan
-nan
-nan
5.53413
5.59294
5.22688
5.23537
5.79588
5.89565
4.93057
-nan
5.65606
5.67442
5.31434
5.28549
5.8928
5.89319
4.80582
4.80018
5.71213
5.70505
5.38442
5.32641
5.92957
5.93937
4.89366
4.81364
5.76378
5.74815
5.4483
5.41342
5.9777
6.00678
5.17781
5.14011
5.80451
5.79779
5.50467
5.53143
-nan
-nan
-nan
-nan
5.85837
5.90142
5.64558
5.66851
-nan
-nan
-nan
-nan
5.13798
5.12551
5.23361
5.25548
4.99556
5.16427
5.3389
-nan
4.75426
4.72535
4.85436
4.83739
4.58445
4.5652
4.87251
4.88364
4.47994
4.4667
4.5693
4.5734
4.39099
4.39922
4.61568
4.64896
4.3228
4.29609
4.4075
4.41617
4.3539
4.44465
4.68405
4.73694
4.23469
4.25635
4.3429
4.40461
-nan
-nan
-nan
-nan
4.26188
4.37111
4.51183
4.58887
-nan
-nan
-nan
-nan
6.0718
6.06528
5.89617
5.87626
6.14572
6.15924
5.60264
-nan
6.22083
6.17488
5.96489
5.9488
6.29984
6.24277
5.5818
5.57626
6.36391
6.33907
6.04897
5.98554
6.07041
6.37526
5.60414
5.56969
4.47216
4.59584
4.93923
5.92477
3.92445
4.01452
5.63051
5.65128
3.91321
3.92716
3.86044
3.87721
-nan
-nan
-nan
-nan
3.97899
4.02715
4.00739
4.02158
-nan
-nan
-nan
-nan
5.91097
5.91034
6.09135
6.05414
4.37353
5.74217
6.20349
-nan
5.83918
5.84725
6.07264
6.04462
5.52331
4.64163
6.1667
6.16873
5.01364
5.76701
4.49181
5.54385
5.41249
5.4498
4.77353
6.09989
3.61091
3.64935
3.60118
3.59669
3.85904
5.31915
3.78848
3.84111
3.883
3.67585
3.65355
3.70572
-nan
-nan
-nan
-nan
5.08875
5.34481
4.27263
3.93439
-nan
-nan
-nan
-nan
4.70683
4.75269
4.97594
4.9629
4.39227
4.62017
5.20603
-nan
5.10733
5.08724
5.40184
5.40613
4.71469
4.71672
5.55806
5.56333
5.33211
5.29664
5.61828
5.62063
4.92943
4.96178
5.78575
5.78544
5.42495
5.40726
5.70936
5.72359
5.14346
5.23127
5.94167
5.96642
5.49251
5.51445
5.79424
5.82929
-nan
-nan
-nan
-nan
5.612
5.66981
5.93284
5.94882
-nan
-nan
-nan
-nan
4.98487
5.01965
4.59798
4.63083
5.29093
5.4761
4.27128
-nan
5.26493
5.26464
4.82897
4.83184
5.58974
5.59583
4.3464
4.35626
5.38826
5.40292
4.946
4.95971
5.72546
5.75418
4.46423
4.49166
5.44659
5.44967
5.01377
4.9984
5.82913
5.88825
4.74227
4.80464
5.50846
5.52703
5.08949
5.13535
-nan
-nan
-nan
-nan
5.61003
5.68603
5.31695
5.3702
-nan
-nan
-nan
-nan
5.09635
5.10638
5.15391
5.20028
4.96692
5.1721
5.22175
-nan
4.59745
4.59069
4.65336
4.66466
4.48991
4.48214
4.20958
4.24357
4.25115
4.23507
4.30487
4.32219
4.20829
4.24452
4.34091
3.91818
4.0459
4.0372
4.08944
4.07651
4.14511
4.26401
4.36952
4.22958
3.98092
3.98835
4.02086
4.05971
-nan
-nan
-nan
-nan
3.98868
4.0944
4.20562
4.24425
-nan
-nan
-nan
-nan
6.00422
5.99082
5.83468
5.8116
6.02623
6.06844
5.63306
-nan
6.02376
5.9985
5.84147
5.83347
6.04287
6.03059
5.52043
5.5099
5.97781
5.98035
5.78674
5.78006
6.00489
6.00745
5.46704
5.46341
5.921
5.90898
5.72572
5.71361
5.9957
6.02187
5.54108
5.57444
5.88981
5.9013
5.70117
5.72258
-nan
-nan
-nan
-nan
5.90299
5.94303
5.78781
5.81217
-nan
-nan
-nan
-nan
5.86373
5.89758
5.80532
5.82994
5.86754
5.97063
5.74031
-nan
5.61526
5.62293
5.55411
5.54505
5.59044
5.60586
5.40249
5.43364
5.40254
5.40367
5.32365
5.31558
5.39896
5.44624
5.15616
5.20881
5.261
5.25794
5.19195
5.17893
5.36272
5.44657
5.18759
5.21502
5.20715
5.22198
5.14158
5.17323
-nan
-nan
-nan
-nan
5.25568
5.33172
5.29505
5.33886
-nan
-nan
-nan
-nan
5.84315
5.86367
5.71108
5.76274
5.88894
5.97739
5.67124
-nan
5.70304
5.71815
5.55215
5.60542
5.77729
5.79975
5.37233
5.4377
5.52545
5.5485
5.36949
5.42622
5.65173
5.70722
5.17994
5.24978
5.38355
5.37858
5.23522
5.29677
5.5859
5.69768
5.23563
5.33144
5.4217
5.33376
5.28636
5.31856
-nan
-nan
-nan
-nan
5.67871
5.66628
5.56426
5.58854
-nan
-nan
-nan
-nan
0.79811
0.806856
0.780171
0.799967
0.804274
0.825169
0.825312
0.863321
0.846564
0.881499
0.875917
0.887069
0.877572
0.893363
0.891632
0.903484
0.866759
0.887887
0.837557
0.849005
4.88381
5.57757
4.46396
4.95051
2.9847
3.76579
3.24096
3.70931
3.30189
3.62528
3.02864
3.54841
2.82246
3.44097
2.60538
3.28732
4.33623
5.02125
4.96876
5.68908
4.91846
5.01927
5.29959
5.22528
4.7657
4.70894
3.63666
3.28216
3.22761
4.3184
4.05255
5.03035
4.96337
5.13872
4.93882
4.93894
3.9232
4.37932
2.66747
3.50691
0.897039
0.913127
0.898815
0.906503
0.889791
0.878736
0.851387
0.849145
0.819439
0.819674
0.799769
0.795949
0.779883
0.789202
0.799529
0.803789
0.83023
0.854237
0.882467
0.887579
2.0241
2.40355
2.45966
2.95206
2.95485
3.36263
3.22131
3.59225
3.26623
3.53247
2.98187
3.29031
3.03569
2.99115
2.07848
2.58982
1.61373
1.87699
1.64326
1.96176
2.73711
3.05169
3.01671
3.11032
3.05185
3.11254
3.04372
3.11625
2.99485
3.12815
2.93049
3.12165
2.98836
3.03315
2.59922
2.77989
2.33516
2.59551
2.35903
2.82189
3.12268
3.28781
2.26997
2.79918
2.49678
3.11146
2.70288
3.28978
2.60157
3.16888
2.3207
2.87121
2.08423
2.58949
2.5585
2.44136
3.8343
3.75688
4.40118
4.1603
2.65718
2.67941
2.85246
2.89583
3.05972
3.11413
3.1965
3.21766
3.08841
3.08322
2.87479
2.85853
2.63319
2.63546
2.49316
2.49464
2.47017
2.43968
2.62393
2.93477
3.66391
3.39996
3.6545
4.95373
3.80367
5.16979
3.75883
4.8278
4.1203
4.35795
3.43616
2.99327
3.04686
3.95735
3.81381
4.97368
3.58479
5.45077
3.33877
4.46481
4.60901
4.68623
3.56104
4.93693
2.61164
3.45006
2.9695
3.20225
2.87469
3.38858
2.29849
3.21609
2.03177
2.79025
3.06669
3.00183
3.02157
2.67537
3.83603
3.83707
4.89055
4.92862
4.89484
4.91693
4.43049
4.372
3.291
3.43897
3.54602
3.55315
3.44214
3.45953
3.12802
3.12707
3.00477
2.76354
2.75986
3.12076
4.42022
4.49175
5.67482
5.45953
4.56386
4.38093
2.95889
3.55478
3.1219
3.44258
3.27342
3.53982
3.35034
3.44768
3.99115
3.21875
4.5462
4.42409
5.35594
5.54867
5.67534
5.80199
2.83377
3.03972
2.91465
3.28931
3.17232
3.54059
3.49828
3.5986
3.24305
3.29422
4.95536
5.14662
5.19182
5.59372
5.41711
5.55688
4.96571
4.94517
2.77681
2.7503
3.05235
3.04437
3.38267
3.40504
3.66019
3.68192
3.82214
3.62988
3.80604
3.9912
5.24553
5.28244
5.58381
5.59358
5.47746
5.44442
4.78132
4.64781
2.69193
2.80818
3.75403
5.51535
3.51182
4.94075
3.62857
3.84977
3.62175
4.34103
4.94165
5.42396
5.56196
5.6702
5.68211
5.43434
3.83542
4.33646
2.70311
3.68639
3.12625
5.12639
3.80336
4.17028
2.18945
2.91458
2.57938
3.23271
2.82402
3.52596
2.88833
3.57339
2.80101
3.269
3.27952
3.93983
4.66376
5.05226
5.2102
5.4129
4.96191
5.16319
4.31668
4.28538
2.91803
3.27738
3.33977
3.41321
3.6953
3.72779
3.72764
3.71715
3.719
3.38816
4.08728
4.28423
5.21381
5.32133
5.57938
5.61657
5.3192
5.32582
3.64694
3.3577
3.73695
4.22762
4.88249
5.02585
4.8483
5.19688
3.61113
4.57695
3.21886
3.24699
4.40866
4.51138
4.6206
4.70985
4.4311
4.11009
4.53248
3.1727
3.39356
3.66674
2.7629
3.29195
3.22174
3.46179
3.37492
3.66869
3.01189
3.49847
2.89282
3.13398
4.43074
4.74366
5.55733
5.52832
5.69426
5.64829
5.15061
5.1732
3.56968
3.33873
3.0303
3.84387
3.61302
4.57231
3.72069
3.83605
3.62733
3.58557
3.50198
3.23638
4.76539
4.89885
5.50216
5.56065
5.61028
5.5692
5.09638
4.93566
3.94997
4.73915
4.56862
4.65253
4.57986
4.56721
3.32215
4.00198
3.42702
3.8594
4.52746
4.57093
4.95782
4.62799
3.42713
3.84081
2.95506
3.57874
3.3241
4.75333
4.82106
4.9744
2.69353
3.3429
2.56271
3.2675
3.17897
3.56995
3.28065
3.51371
2.92676
3.11581
2.58238
2.67606
4.36169
4.45748
5.27886
5.26598
5.4496
5.43519
5.06436
5.05565
3.39534
3.1393
3.38195
3.50932
3.69503
3.70657
3.5905
3.55951
3.1591
3.14545
2.855
2.65013
4.59517
4.77361
5.42483
5.50209
5.57682
5.59855
4.92203
4.13052
3.15531
3.33533
3.93721
4.44201
4.68456
5.24292
4.61701
5.08128
3.13819
4.05238
2.79066
3.19679
4.16463
4.19378
4.3967
4.30813
4.83953
4.27906
0.890179
0.909008
0.866365
0.916385
0.85628
0.891157
0.830233
0.864125
0.793766
0.859631
0.78884
0.825229
0.778012
0.795459
0.803923
0.808481
0.837317
0.850258
0.877692
0.897362
2.2123
2.57641
2.66322
3.63341
3.01658
3.42269
3.1855
3.63497
3.19791
3.56418
2.95864
3.43276
4.70339
5.27726
5.27258
5.76454
4.87924
5.71557
4.27909
4.8792
4.28648
5.11688
5.09753
5.17366
4.74398
5.07074
3.34732
4.07877
3.1263
4.06177
4.64303
4.9947
5.34699
5.1728
4.26542
4.56976
2.58636
3.31532
2.81435
4.73075
0.795647
0.803691
0.783148
0.807746
0.80072
0.828232
0.822674
0.845178
0.835727
0.884522
0.839607
0.877717
0.836366
0.863484
0.843175
0.859864
0.836788
0.845328
0.81896
0.824265
5.03789
5.64166
4.12977
4.79282
2.4071
3.58633
2.397
3.29232
2.36519
3.25607
2.42182
3.09682
2.77747
2.88031
2.81722
3.77618
4.4504
5.30542
5.14087
5.69926
5.3871
5.17187
5.043
4.87198
3.29642
3.43018
3.80735
4.52213
4.40794
5.35069
4.80989
5.31815
4.54097
4.67911
2.68908
3.2836
3.47916
3.68975
4.68518
4.72221
4.91336
5.13717
3.64654
4.0465
2.54585
3.45959
2.82505
3.59386
2.78185
3.51453
2.43278
3.15386
2.53533
2.70766
3.96845
4.22731
5.15273
5.22096
5.35765
5.46703
5.02287
5.02186
4.16007
4.0434
3.40327
3.68009
3.7014
3.71672
4.01589
3.91635
3.39347
3.90306
2.94433
2.87516
3.92395
3.51164
4.94206
4.51538
5.26267
5.04819
3.10442
3.74732
4.76994
4.76554
4.97481
4.92945
4.81723
4.5294
4.55605
3.43109
3.26262
3.6457
3.86024
4.3323
5.18965
5.06881
5.11951
5.21103
4.19182
4.603
5.22234
5.24035
5.3461
5.56899
4.94137
5.45391
3.96818
4.51526
3.47561
3.84552
3.44086
3.70093
2.9609
3.45036
2.54219
3.04953
2.93477
2.69501
4.19908
4.22249
5.31943
5.35847
5.53963
5.55415
5.29694
5.25071
4.15747
3.92885
3.61907
3.96396
3.74219
3.75396
3.52291
3.48446
3.13298
3.07266
3.02211
2.67125
4.48019
4.57362
5.71131
5.8096
5.44895
5.40557
4.21818
4.172
2.99866
3.60227
3.25816
3.56175
3.49379
3.62722
3.53222
3.47494
3.35075
3.18683
4.16896
4.77971
5.12053
5.65811
2.67648
3.03575
2.24358
2.97845
2.60792
3.22844
3.05077
3.49946
3.44092
3.46638
4.02614
4.38367
5.18737
5.40091
5.67348
5.65937
5.41328
5.37872
4.38597
4.32994
2.75453
3.09557
3.07779
3.10661
3.43263
3.49194
3.69058
3.68955
3.91394
3.57627
4.3095
4.43404
5.41972
5.48118
5.7007
5.71098
5.44817
5.40892
4.44795
4.37962
3.64712
4.90557
4.45906
5.462
4.14041
5.33111
3.53221
4.30105
3.60049
3.74132
4.50974
5.20034
5.54951
5.49712
5.04343
5.22413
4.33151
3.77505
2.87999
3.96628
3.41679
3.78244
2.42829
3.04546
2.61966
3.28739
2.74828
3.54909
2.68447
3.47731
2.77841
3.112
3.98727
4.51516
5.15396
5.35261
5.68191
5.60743
5.20881
5.17056
3.83861
3.66706
2.99462
3.59014
3.37428
4.30342
3.66209
4.0015
3.57902
3.57191
3.48237
3.23247
4.60656
4.75608
5.45698
5.53254
5.65519
5.67383
5.20076
5.18092
3.53251
4.48293
4.44751
4.55669
4.62137
4.62563
3.97967
4.29804
2.89291
3.00206
3.95534
4.26017
4.84095
4.6443
3.98214
4.25498
2.90798
3.44138
2.95075
4.51776
5.28692
5.25001
3.89401
4.10945
2.77195
3.45462
3.12639
3.37834
3.2531
3.5746
2.88941
3.41783
3.09612
3.10722
4.19113
4.41516
5.55793
5.50787
5.69884
5.65946
5.2101
5.2069
4.08687
3.93546
3.01867
3.62035
3.45438
3.47655
3.8478
4.51524
3.5348
4.60809
3.59141
3.29854
4.46834
4.56742
5.46033
5.38105
5.62383
5.63543
4.48933
4.30599
4.40917
4.29264
3.50453
3.4264
3.56707
4.15937
4.31936
4.95144
4.42369
4.86095
4.36134
4.45308
4.01131
4.0214
3.19881
3.61356
3.45378
3.28542
5.12246
5.13939
3.95787
4.56706
2.39641
3.06221
2.84128
3.39414
3.2541
3.5339
3.25733
3.36481
2.77151
2.95943
2.78186
2.99612
4.6194
4.63256
5.16569
5.15667
5.27511
5.29077
4.53255
4.469
3.2257
3.54407
3.57666
3.6121
3.66197
3.65521
3.40096
3.38625
3.29765
2.94913
3.49289
3.85157
4.95478
5.0789
5.4036
5.44944
5.49131
5.02855
4.33308
3.95751
3.3225
3.96311
3.97416
5.08291
3.94271
5.33929
3.48386
4.75699
3.6528
3.2849
4.40533
4.28134
4.93329
4.96353
5.36339
5.1716
0.803024
0.815876
0.783706
0.794045
0.796616
0.814111
0.809317
0.827801
0.851972
0.859425
0.873101
0.870338
0.901936
0.897732
0.909705
0.928148
0.891835
0.908782
0.838309
0.869945
1.96887
3.41577
2.22376
2.9291
2.43372
3.17572
2.72667
3.39014
2.7575
3.38065
2.31045
3.09224
1.65952
2.54229
1.22632
1.90332
1.70553
3.01776
1.85598
3.50685
3.05927
4.33482
3.14779
4.02577
2.79819
3.53244
2.63498
3.17149
2.7169
2.83111
2.73338
4.16701
3.90372
4.95369
5.06687
5.43423
4.18133
5.21087
2.75282
3.74738
0.922914
0.936139
0.926591
0.954881
0.905212
0.924862
0.852692
0.898876
0.819499
0.851843
0.791909
0.816604
0.786467
0.80771
0.811195
0.829321
0.846843
0.856482
0.87662
0.912508
2.23502
2.68209
2.66396
3.31887
2.83474
3.45834
3.04086
3.59292
3.21147
3.56537
2.99313
3.55877
4.76303
5.24974
5.38522
5.73894
5.06622
5.62638
4.39647
4.85403
4.28895
5.11079
5.11013
5.17315
4.7143
5.08924
3.21711
4.13697
3.19036
4.04414
4.66861
4.99981
5.35873
5.17766
4.33362
4.59817
2.62594
3.24931
2.79262
4.69246
2.67768
2.55882
2.22715
2.68413
2.39621
2.90838
2.61816
3.07362
2.53678
3.05149
2.34384
2.80982
2.14934
2.54009
2.43371
2.37476
2.53375
2.35593
2.64153
2.45591
2.56686
2.60373
2.71177
2.7282
2.81737
2.88676
2.94603
2.95967
2.91157
2.9075
2.77196
2.79431
2.58622
2.59623
2.46898
2.43932
2.44089
2.4196
2.49553
2.47948
3.0241
3.10239
2.64579
2.7615
2.34886
2.54794
2.23912
2.51954
2.25268
2.58479
2.34914
2.70816
2.75307
2.94496
2.97558
3.13855
2.98654
3.23599
3.04818
3.22995
4.60134
5.36993
3.54187
4.93021
3.09695
3.8147
3.26092
3.47693
3.16845
3.50838
2.65604
3.23368
2.50641
2.93387
2.86362
2.67116
4.24195
4.26518
5.07479
5.21535
5.47555
5.48499
5.05085
5.01572
3.68711
3.38698
3.37595
3.62297
3.55142
3.55124
3.36744
3.35733
3.09835
3.09212
3.03375
2.7044
4.60008
4.77333
5.41462
5.45612
5.60271
5.38149
4.96521
4.7814
2.81117
3.09479
3.09432
4.29294
3.68312
5.07245
3.74566
5.01224
3.30668
4.24052
3.28405
3.00167
4.54571
4.72728
5.24279
5.30985
2.76843
3.24314
3.08625
3.48723
3.32086
3.52735
3.29731
3.2683
4.78469
4.99545
5.27528
5.53772
5.468
5.53709
5.10281
5.04881
3.44176
3.33883
2.67781
3.20922
3.31253
3.30512
3.5685
3.5651
3.59901
3.54095
3.32094
3.38057
5.14084
5.2021
5.59146
5.61506
5.52444
5.50031
4.96165
4.8197
2.74852
2.67334
2.95276
3.00124
3.30496
3.54248
3.57498
3.61179
3.84089
3.48084
3.86563
4.64749
5.0379
5.58935
5.55143
5.76523
5.65739
5.4929
4.22534
4.56643
2.74692
3.25989
2.84043
3.31364
3.03275
2.92547
2.27405
2.74687
2.44434
2.81789
2.71289
2.95469
2.65227
2.95839
2.46282
2.82345
4.05692
4.31936
5.15463
5.06119
5.27163
5.16344
4.73041
4.5929
2.59801
2.64815
2.6564
2.70917
2.72688
2.78388
2.75849
2.9073
2.8237
2.82495
3.44424
3.53719
4.39121
4.45795
4.78198
4.74378
4.64266
3.96316
3.43022
3.20707
3.38077
4.80732
2.82895
2.88234
4.56786
4.72374
5.16733
5.30545
5.41025
5.29562
5.45449
4.82195
4.58317
3.3153
4.04724
4.81603
4.67628
5.86573
5.00359
5.802
5.66423
5.63312
5.25759
5.23961
3.98346
4.10036
2.81824
3.29712
3.14852
3.37131
3.02229
3.51045
2.4895
3.33247
2.72173
3.03648
4.3846
4.53508
5.57723
5.52807
5.63239
5.64243
5.20524
5.1794
4.02182
3.76985
3.08209
3.41302
3.46788
3.48387
3.61146
3.60242
3.48193
3.48282
3.3877
3.13749
4.6061
4.76467
5.532
5.55542
5.4521
5.48863
5.3579
5.30572
4.38804
4.33927
3.30951
4.05758
3.74228
4.99354
4.46264
5.61992
3.96705
5.16665
3.13486
4.02594
3.04106
3.73109
4.61122
5.10127
2.66065
3.33199
3.08579
3.47583
3.38005
3.56841
3.1741
3.25346
2.72141
2.73339
4.04708
4.43742
5.07064
5.29986
5.53048
5.52879
5.2269
5.25966
3.36586
3.81405
3.31299
3.61396
3.60669
3.59951
3.60423
3.57386
3.27668
3.23128
3.18119
2.77044
4.33711
4.43533
5.28453
5.35141
5.60051
5.61442
5.39073
5.33752
4.13444
4.01887
3.728
5.24066
4.05362
5.72837
3.47122
5.10585
3.2559
3.63078
3.02097
3.57987
4.31933
5.19178
5.53217
5.56783
5.26287
5.39829
4.64131
4.14087
3.2281
4.42254
0.871046
0.874363
0.854775
0.865756
0.837098
0.85785
0.838827
0.849088
0.814812
0.841815
0.801771
0.822556
0.78274
0.793601
0.80601
0.817336
0.841595
0.84732
0.86832
0.871405
2.15461
2.5731
2.55752
3.04081
2.9255
3.43062
3.2384
3.65072
3.20246
3.62538
3.0747
3.45782
4.10644
3.47276
4.48405
3.51581
4.86616
4.38971
4.03308
3.67617
2.80202
3.12312
3.11546
3.14027
3.48544
3.63279
3.22431
3.29772
3.76998
4.19267
4.36271
4.24182
3.81959
3.63188
2.65382
2.85697
2.41302
2.65327
2.41327
2.88528
0.797588
0.806119
0.779286
0.796993
0.790833
0.819574
0.831644
0.851493
0.863682
0.888287
0.865953
0.923669
0.884026
0.925155
0.890965
0.915585
0.873511
0.898475
0.835753
0.839948
4.99069
5.65192
4.32369
4.86918
2.7378
3.81394
2.87347
3.57666
2.93364
3.52466
2.81988
3.33431
2.92579
2.96946
2.90167
3.75683
4.649
5.20319
5.1221
5.76509
5.33039
5.1549
5.09936
4.93911
3.73044
3.59478
3.67475
4.36333
3.98289
5.18027
4.93043
5.23958
4.92697
4.79085
3.10112
3.85958
2.98294
3.24462
4.50568
4.60258
2.67441
2.75987
2.4232
2.90285
2.70484
3.0771
2.99838
3.2634
3.64672
3.87957
4.30415
4.51806
4.25505
4.58351
4.42814
4.36398
3.70108
3.4801
2.77622
2.7155
2.81426
2.83595
2.9179
2.93417
3.04395
3.1031
3.75057
3.92489
4.71002
4.74454
4.87287
4.87859
4.62705
4.57357
3.91346
3.66583
2.6018
2.70848
2.7365
2.72514
3.35313
3.39627
3.32801
2.95245
4.76987
4.9027
5.45913
5.66372
5.71241
5.68905
5.66053
5.13276
4.69316
3.54779
3.21114
3.91637
3.25377
3.98125
3.35294
3.78968
5.1084
5.16657
5.24341
5.52067
5.07841
5.42644
4.47835
4.6662
3.51634
3.72171
3.56679
3.71437
3.20144
3.54944
2.90768
3.23517
3.18458
2.89535
4.08751
4.04991
5.0489
5.09726
5.51306
5.53809
5.51956
5.4979
4.94808
4.82633
3.50965
3.89623
3.70715
3.71248
3.6054
3.59325
3.29878
3.24124
3.301
2.83561
3.65881
3.78033
4.79215
5.48515
5.70616
5.79195
5.60925
5.62916
5.07551
4.68623
3.31394
3.83079
3.38603
3.78236
3.63721
3.65058
3.14377
3.32338
3.11666
2.93687
3.01448
4.07511
1.93104
3.33023
2.0678
2.77487
2.54612
3.14493
2.96399
3.36591
2.98835
3.18528
2.70862
2.8263
3.90583
3.73387
4.28268
4.30736
3.44907
3.41223
3.1603
2.56679
2.74766
2.81592
3.08395
3.12758
3.41472
3.46461
3.54502
3.55443
3.41069
3.32002
4.02305
4.21552
4.61644
4.66176
4.62922
4.64907
4.20071
4.14885
2.72697
2.70271
3.22917
3.64246
3.2441
3.53078
3.45255
3.63698
3.36212
3.46597
3.41561
3.2234
3.79054
3.71337
4.90179
5.33746
5.77385
5.78875
5.67398
5.60225
5.36978
4.60052
4.66466
4.6813
2.25161
2.85545
2.54821
3.08441
2.7549
3.31837
2.74434
3.24787
2.48543
2.96565
2.22053
2.71672
2.79359
2.5768
4.05388
3.9378
4.94581
4.84906
2.54253
3.47315
2.70279
2.7563
2.95898
3.04847
3.15586
3.19538
3.10544
3.13915
2.93731
2.95998
2.78882
2.77748
2.69456
2.63053
2.95375
2.87252
4.3634
4.16584
3.27115
4.28271
4.20832
5.32563
4.09067
5.42175
4.13834
4.97725
3.95951
3.83938
2.83179
3.6608
3.26997
4.58521
4.35397
5.08566
4.079
5.46222
3.75308
3.98332
3.88734
4.3731
2.43132
3.71868
2.74259
2.95566
3.04275
3.35122
2.83322
3.44156
2.35937
3.13941
2.64617
3.1921
2.73026
2.90405
3.32904
3.32684
4.14515
4.13719
4.63543
4.65694
4.16195
4.14908
3.01369
3.15752
3.46032
3.489
3.62259
3.64345
3.42558
3.4362
3.07997
3.07409
2.76363
2.79762
4.1915
4.32539
4.68174
4.7364
5.47684
5.00211
3.55905
3.07032
3.11006
3.87169
3.28477
4.43782
3.57636
4.57773
3.56893
3.82121
4.0088
3.09878
5.18365
5.0439
5.55349
5.61075
5.72476
5.58379
2.84935
3.21743
2.96196
3.39994
3.41107
3.6641
3.58977
3.64305
3.42322
3.28736
4.53003
4.74419
5.17671
5.36175
5.50351
5.53208
5.19108
5.126
3.71246
3.66209
3.11091
3.14811
3.48908
3.50705
3.74355
3.77247
3.71679
3.67757
3.30271
3.39968
4.90579
4.95345
5.36128
5.37634
5.3951
5.36241
4.87351
4.71784
2.939
2.73135
4.12688
5.74792
3.59023
4.90353
3.56944
3.54617
4.33494
4.74732
5.19511
5.45678
5.61788
5.54021
5.50554
5.12522
2.63144
3.50858
3.13536
4.05638
3.98913
5.44589
0.822116
0.842583
0.797927
0.825911
0.802721
0.842336
0.824148
0.838072
0.860329
0.904318
0.883509
0.92829
0.900701
0.944759
0.936309
0.945082
0.911043
0.922985
0.865167
0.881921
2.01883
2.36533
2.44492
2.87725
2.71001
3.1838
2.75018
3.34383
2.89441
3.33308
2.78647
3.16449
2.45301
2.8146
2.07599
2.3107
1.72146
1.91938
1.69376
1.94748
2.98689
3.06679
3.33251
3.15931
2.99152
3.80135
2.9913
3.13405
2.99158
3.14717
2.97617
3.11494
2.97161
2.95046
2.46548
2.60687
2.22115
2.50311
2.27137
2.74309
0.843507
0.854399
0.843882
0.858197
0.855989
0.873641
0.868377
0.907824
0.847338
0.887831
0.81727
0.847539
0.793849
0.812277
0.820326
0.822353
0.835154
0.842558
0.850303
0.853568
3.71914
3.92883
2.46547
3.74008
2.86891
4.50376
2.49255
4.70461
2.59739
3.34971
2.91946
3.25214
3.74585
4.55217
4.90142
5.49908
5.22871
5.63096
4.7511
5.09053
3.60775
4.4741
4.06945
4.22207
4.1378
4.18866
3.55786
3.86044
3.67171
3.74302
4.47336
4.24052
4.63619
4.18285
2.77883
3.02558
3.74644
4.31733
3.50885
4.76994
5.14792
5.44868
3.92008
4.64159
2.62342
3.43092
2.72167
3.40036
2.62977
3.28273
2.39405
2.99888
2.57534
2.6474
3.58282
3.68761
5.14592
5.15756
5.58431
5.61425
5.42429
5.4287
4.69606
4.60817
3.33237
3.64941
3.57234
3.60963
3.4736
3.46006
3.16903
4.19677
2.96205
3.01424
3.56406
3.57183
5.08009
5.01454
5.55086
5.58343
4.62729
4.65384
4.99685
4.90558
4.49394
4.42748
3.36631
3.3621
3.23699
4.28755
3.95356
4.75427
4.55314
4.71493
4.63364
4.58783
4.10984
4.27631
2.71296
3.19955
4.87565
4.90559
4.47041
5.07465
3.4498
4.76471
3.02774
3.61906
3.1971
3.44355
2.92252
3.41722
2.48638
3.17965
2.44834
2.90665
2.79983
2.67212
4.22718
4.22718
5.0738
5.10356
5.00908
5.01926
4.46203
4.38045
3.12169
3.35535
3.47934
3.49274
3.51611
3.5216
3.33462
3.30438
3.21025
2.93398
3.0553
3.41825
4.6691
4.73654
5.72151
5.5471
4.78969
4.65065
2.76678
3.40375
2.97358
3.47004
3.14058
3.76516
3.30832
3.89607
3.87457
3.53713
4.29485
4.17609
5.24733
5.44242
5.62659
5.77638
2.8364
3.31382
2.69072
3.21286
2.99655
3.42332
3.35262
3.53668
3.61036
3.37586
4.05171
4.26745
5.03088
5.31791
5.5512
5.625
5.45033
5.40345
4.51528
4.44368
2.93228
3.19049
3.24806
3.28078
3.53224
3.57395
3.6225
3.64969
3.69083
3.384
4.46286
4.55306
5.31206
5.35366
5.52807
5.53563
5.24001
5.17671
4.17004
3.93504
4.86529
5.6402
4.07077
5.26879
3.38132
4.05627
3.55509
4.10192
4.76497
5.11498
5.37624
5.35044
5.43836
5.09039
3.15433
3.83523
3.20493
4.15383
4.36305
5.37112
4.53036
4.49017
2.27022
2.9591
2.67521
3.03208
3.02866
3.2897
2.9892
3.30582
2.79022
3.14643
3.25465
3.53585
5.07165
4.97877
5.57584
5.47287
5.42195
5.31956
4.0181
3.36097
2.75291
2.8623
3.0512
3.03594
3.5949
3.50085
3.15609
3.31793
3.26184
3.1149
3.61828
3.77685
4.67809
4.40041
4.99848
4.4276
4.74721
3.93245
3.45075
4.27539
3.65778
3.90537
4.57365
4.68019
4.81542
4.82562
4.93071
4.60255
4.92196
3.95912
3.3075
3.76535
5.11483
5.06402
5.7111
5.80921
5.48455
5.48536
3.49432
3.7335
2.79706
3.22754
3.23263
3.36879
3.37818
3.58247
2.95706
3.44346
2.82234
3.08524
4.29431
4.68399
5.5195
5.51553
5.67155
5.64303
5.14617
5.16606
3.70603
3.56002
2.98901
3.50228
3.41511
4.3781
3.6649
3.78374
3.59359
3.56527
3.57738
3.30895
4.7234
4.86627
5.51206
5.58001
5.65107
5.6557
5.15771
5.01753
3.51786
4.54337
4.56784
4.68526
4.80755
4.80257
4.11375
4.4865
3.2164
3.32769
4.20535
4.45816
4.93814
4.69206
3.89608
4.1799
2.61508
3.18375
2.64958
4.43825
4.77926
5.03581
2.69913
3.45611
2.4757
3.24203
3.15239
3.48337
3.24555
3.44958
2.92192
3.11762
2.69262
2.73195
4.45136
4.48072
5.34267
5.32065
5.52124
5.49569
5.11854
5.11057
3.47842
3.24067
3.365
3.44542
3.61969
3.62417
3.53665
3.48506
3.17784
3.15838
2.91763
2.70839
4.61177
4.78628
5.44824
5.52233
5.614
5.6289
4.87982
4.14121
3.27704
3.20269
3.86941
4.4528
4.70246
5.20714
4.91731
5.09106
3.4905
4.20948
2.82957
3.07631
3.98036
4.03121
4.24256
4.1351
4.742
4.16758
0.811416
0.816437
0.781552
0.790962
0.796648
0.808941
0.805555
0.838298
0.830373
0.837264
0.836293
0.8451
0.860207
0.862051
0.891031
0.897182
0.893941
0.90279
0.848566
0.863681
3.5899
4.49869
3.6814
4.20994
2.89161
3.38055
3.09381
3.60211
2.97366
3.54619
2.61003
3.30124
1.98164
2.72835
1.56158
2.1976
1.91009
1.87998
3.19543
3.62293
3.5296
3.41529
5.08191
5.17906
5.59013
5.60582
5.58143
5.44622
5.34871
4.62368
4.42474
3.46086
3.43051
4.53579
4.60438
5.45526
5.03328
5.6596
3.16279
4.98266
0.903252
0.936223
0.896905
0.922483
0.887961
0.92258
0.866724
0.884988
0.830779
0.82588
0.793418
0.801289
0.782803
0.79656
0.810745
0.828692
0.840506
0.869578
0.882402
0.916859
2.03186
2.38297
2.54211
2.88341
2.96101
3.26285
3.15361
3.46371
3.04963
3.43128
2.91395
3.18531
2.4681
3.74966
1.86469
3.20004
1.58808
1.86005
1.69636
1.93686
2.71722
3.04253
2.97123
3.04942
2.97136
3.0392
4.50116
4.66365
3.2157
3.83758
2.98655
4.00254
4.75871
4.75605
3.25567
3.6622
2.31702
2.59173
2.36734
2.81334
4.46536
5.10462
3.84117
4.67439
2.64704
3.2996
2.36343
3.17319
2.33813
3.12553
2.45027
3.03216
2.47368
2.79905
2.48742
2.57159
4.27929
4.30256
4.98653
4.99901
5.2603
5.27142
4.65778
4.59191
3.05402
3.30114
3.34207
3.40288
3.44366
3.44444
3.24649
3.2364
2.94732
2.89432
2.8786
3.34555
4.69938
4.83505
5.27634
5.32124
5.56052
5.16264
4.38671
4.03823
3.30573
4.01621
3.78338
5.04893
3.6995
5.12544
3.43599
4.56592
3.65601
3.14048
4.49529
4.37657
5.08145
5.18683
5.47474
5.38612
4.96729
5.14137
3.76371
4.23799
2.44108
2.96316
3.10417
3.18568
3.42876
3.48308
3.0163
3.39582
2.88525
3.03588
3.38108
3.76028
5.05377
5.08085
5.41448
5.39639
5.21737
5.22033
4.21465
4.11115
2.79728
3.21407
3.26246
3.3215
3.55809
3.57311
3.50697
3.4635
3.40188
3.11691
4.03804
4.35326
5.29004
5.38862
5.55183
5.58755
5.17704
4.75067
4.21996
3.96162
2.9739
3.6046
3.84332
4.97613
4.58862
5.39099
4.16461
5.10367
3.44899
3.90612
3.80098
3.75433
4.41396
4.44617
4.98334
4.74377
2.37774
2.87968
2.55253
3.12025
2.92402
3.41366
3.18053
3.42446
2.88666
3.06123
2.53459
2.68252
4.81253
4.86333
5.57633
5.52602
5.6845
5.63434
5.08753
5.06007
2.85499
3.0244
3.23632
3.76762
3.51578
3.69465
3.46671
3.45698
3.22917
3.10575
2.85449
3.09673
4.84769
4.94861
5.48546
5.53591
5.57039
5.53551
4.96426
4.83032
4.56623
5.23689
5.18494
5.22149
4.60828
4.9847
3.34534
3.58041
3.51948
4.12805
4.6629
4.76125
5.09146
4.83613
3.80737
4.18341
2.70023
3.5871
3.49257
5.01839
3.58674
3.72709
2.16105
3.26523
2.48728
3.12613
2.68341
3.3201
2.65324
3.29076
2.67015
3.00872
4.00844
4.51879
5.26136
5.37503
5.53483
5.58686
5.14289
5.14798
3.54563
3.25481
3.08306
3.65284
3.66643
4.3941
3.54158
3.62278
3.47986
3.59313
3.32673
3.16052
4.59376
4.71399
5.33569
5.37847
5.44471
5.30744
4.99388
4.7162
4.24715
4.7123
4.23921
4.27521
3.45183
3.82932
3.44767
3.62838
4.30469
4.35438
4.85139
4.53845
4.78745
4.22643
2.78446
2.76781
4.07826
4.44208
4.16173
4.98354
5.48526
5.5997
4.78017
5.05849
2.94398
3.17269
3.03896
3.45429
2.79814
3.37205
2.29112
2.99159
2.39898
2.70044
2.69187
2.57649
4.95075
4.91649
5.60487
5.57182
5.59817
5.60798
5.0523
4.99014
3.23468
3.47738
3.53148
3.54807
3.50672
3.48215
3.16896
3.16983
3.00714
2.80204
2.71383
3.28522
4.94692
5.08141
5.5983
5.63376
5.27926
5.17653
5.13781
4.99154
3.89082
3.77484
3.3679
4.22789
3.99484
4.9575
4.5901
5.16321
4.52968
4.812
2.73116
3.90213
2.92348
3.33236
4.43558
4.66039
2.52586
2.94501
2.93322
3.27652
3.30034
3.50679
3.46869
3.41645
3.72126
4.48868
4.85987
5.29653
5.23127
5.44507
5.13401
5.12614
4.05188
4.02802
2.38953
3.02948
3.01348
3.05191
3.3366
3.39815
3.59704
3.57108
3.73401
3.41524
4.12842
4.27362
5.21819
5.24914
5.44183
5.45544
5.23945
5.19841
4.36228
4.21366
2.71319
2.96623
3.03986
3.58523
3.36739
3.82058
3.29321
3.49254
3.56313
3.16907
3.29721
3.90027
4.30193
5.36322
5.62584
5.73917
5.51271
5.61459
4.93742
4.60009
3.18241
3.52133
0.803786
0.816811
0.786844
0.789349
0.806007
0.804379
0.808999
0.79566
0.815848
0.813167
0.822118
0.825889
0.830493
0.830595
0.862174
0.878843
0.871195
0.906348
0.844704
0.867661
2.89311
3.40143
2.72006
3.26777
2.88877
3.37276
3.03296
3.63269
3.12605
3.60135
2.80195
3.27753
2.22376
2.83852
1.69272
2.43649
1.37056
2.11208
1.73544
2.04443
3.77393
3.5373
4.56229
4.76144
5.4483
5.4884
5.61797
5.58791
5.55642
5.09728
5.22752
3.75662
3.11497
4.28812
4.40842
5.30542
5.00137
5.78451
3.79758
5.41344
0.871884
0.910528
0.879028
0.906781
0.881907
0.911141
0.873653
0.90026
0.841062
0.903324
0.806068
0.85255
0.787999
0.807358
0.810335
0.829981
0.824175
0.856466
0.858456
0.897525
1.75686
2.21007
2.22997
2.75889
2.6682
3.17955
2.96635
3.37763
2.96854
3.37172
2.65736
3.14315
2.20373
2.71953
1.63
2.10985
1.25957
1.67119
1.39103
1.75228
2.70547
2.9604
2.83203
2.89154
2.71505
2.79872
2.70205
2.81499
2.71358
2.90722
2.74693
2.99348
2.91087
2.96796
2.49277
2.69449
2.2117
2.48269
2.30421
2.73478
5.05624
5.00112
3.01788
3.55478
2.77809
3.23716
3.0468
3.29898
2.96727
3.21449
2.57905
2.95901
2.71823
2.68981
4.6042
4.56924
5.4941
5.38816
5.60493
5.50016
4.79915
4.59474
3.58554
3.41769
3.04629
3.24765
3.14251
3.23688
3.37074
3.64605
2.92032
3.144
2.79652
2.73455
4.0984
3.58409
4.96812
4.24445
5.25747
4.62068
3.3846
3.38371
4.415
4.48381
4.76064
4.80021
4.74447
4.65776
4.66526
4.04622
4.35054
2.99652
3.14855
4.20065
5.37009
5.34157
5.60583
5.68712
5.06462
5.20271
4.20932
4.29076
2.49045
2.87873
2.82982
3.0544
3.01833
3.25807
2.79701
3.23525
2.52263
2.96774
2.8909
3.56954
4.89608
5.05424
5.45944
5.44396
5.20192
5.1872
4.40412
4.38005
2.71384
3.10778
3.09191
3.15095
3.32612
3.35189
3.3571
3.35682
3.45258
3.15482
3.75889
4.05484
5.20728
5.33145
5.59341
5.63509
5.34633
5.35039
4.30853
2.92697
3.2578
3.97296
4.4252
4.97078
4.8349
5.35249
3.95002
4.88933
3.35715
3.25843
4.1417
4.36912
4.68122
4.7322
4.61962
4.35634
4.72357
3.7324
2.14313
2.97817
2.19175
2.93063
2.65742
3.05932
2.81691
3.13615
2.77877
3.0144
2.72276
2.7164
4.6087
4.58212
5.3116
5.28941
5.51282
5.47904
4.55576
5.00283
3.41876
3.30723
3.02217
3.19456
3.23629
3.24772
3.31044
3.29865
3.16824
3.15796
2.96754
2.82679
4.57145
4.70551
5.36913
5.43813
5.60993
5.59585
5.18815
5.14839
2.89179
4.26121
4.31483
5.12239
4.6857
5.56285
4.01353
5.201
3.44159
3.51367
3.1356
4.08727
4.90158
5.00468
5.06613
5.15888
4.79509
4.52949
4.51605
3.17875
2.23889
2.52268
2.30272
2.78025
2.61094
3.17417
2.78726
3.45401
2.7886
3.39395
2.62287
3.16992
3.99761
4.59186
5.05161
4.98967
5.08597
5.01871
4.43128
4.37651
2.50652
2.57476
2.82214
2.90651
3.20658
3.3606
3.48335
3.51814
3.49397
3.50026
3.96083
4.01152
4.63358
4.66581
4.80658
4.72951
4.51414
3.9463
3.56537
3.02859
3.4688
4.94487
3.17274
3.09678
4.53683
4.61487
5.24367
5.34535
5.53118
5.41499
5.57449
4.98979
4.7821
3.70795
3.85403
4.38083
4.57897
5.52091
4.77981
5.77073
5.077
5.46474
4.55507
4.84391
3.32248
3.57006
3.61553
3.61663
3.23897
3.4918
2.78641
3.13573
2.76922
2.8675
3.43569
3.44305
5.06043
5.02754
5.43088
5.5523
5.35876
5.36471
4.86495
4.79267
3.35487
3.55991
3.57041
3.6537
3.48078
3.54073
3.38946
3.1739
3.13487
3.3702
3.03282
3.134
4.77691
4.65744
5.36221
5.27126
4.19319
4.61025
5.22796
5.18987
5.15025
5.09702
4.72028
4.28231
3.67583
3.48432
2.96141
4.3207
4.67396
5.05782
5.31619
5.25711
4.99202
5.04247
3.06365
3.71065
2.55652
2.9652
3.04594
3.33598
3.56505
3.61015
3.56856
3.57749
3.84577
4.45375
4.93522
5.39619
5.29009
5.57265
5.17309
5.32563
4.25824
4.32885
2.42238
3.15784
3.08732
3.12389
3.42906
3.43205
3.61803
3.60331
3.8713
3.48016
4.28971
4.40215
5.37072
5.39712
5.60148
5.60994
5.38966
5.3453
4.49991
4.34612
2.77033
3.1808
3.24161
4.17967
3.44608
4.195
3.15729
3.78128
3.47517
2.94682
3.10554
4.78869
4.87022
5.58213
5.73819
5.76184
5.27982
5.42558
4.38594
3.80677
2.80775
4.04165
0.848644
0.867737
0.80304
0.839139
0.810759
0.838559
0.811614
0.824923
0.802318
0.812868
0.803176
0.838404
0.815361
0.839543
0.840731
0.86628
0.872773
0.896
0.879863
0.88788
1.98198
2.4302
2.14929
2.78579
2.21573
2.98638
2.19766
3.01213
2.1781
3.05951
2.2843
2.99986
2.23748
2.76004
2.01985
2.31415
1.78132
1.98191
1.74323
2.04731
2.58982
3.02851
3.02176
3.14746
3.18115
3.27991
3.24171
3.35225
3.22262
3.35472
3.15527
3.20474
2.96464
2.93726
2.36541
2.63551
2.15755
2.51538
2.16308
2.75218
0.806534
0.804481
0.783418
0.797701
0.79759
0.814182
0.794518
0.841158
0.821158
0.827557
0.802463
0.81011
0.793129
0.795551
0.814455
0.815088
0.824056
0.84187
0.827831
0.839223
2.30891
2.65786
2.62679
3.28487
2.94977
4.25702
3.24588
4.16589
3.05348
3.59598
2.90953
3.34267
2.6731
3.09475
2.27113
2.66715
2.03867
2.2715
2.01133
2.52143
4.26307
4.4177
3.29519
3.63793
3.6751
3.72517
4.25159
4.25706
4.64226
4.45613
4.64702
4.08037
3.79706
3.32698
3.1911
3.08802
3.53415
3.63506
4.15019
4.30164
5.36403
5.28023
4.35911
4.83995
3.12288
3.45084
2.92056
3.48993
2.96592
3.30549
2.62852
3.1244
2.5007
2.86676
3.00672
2.7596
4.63251
4.53197
5.33731
5.23625
5.0939
5.11828
4.86116
4.83822
4.08861
3.93615
3.11634
3.35439
3.1594
3.24334
3.07181
3.0813
2.92585
2.9273
2.88328
2.77916
3.92988
3.57152
4.90587
4.68598
3.39018
4.54004
5.30693
5.35651
5.47248
5.51208
5.2533
5.0831
4.82639
3.69329
2.96614
3.9165
3.59499
4.95104
4.81698
5.65594
4.42685
5.63503
3.78956
4.22525
4.72968
5.12251
3.5805
4.08574
2.95982
3.301
3.61033
3.62039
3.66605
3.80339
3.11225
3.55362
2.96408
3.16604
3.95784
4.18505
5.22233
5.22459
5.29336
5.45233
5.18673
5.19039
4.08377
3.95925
3.17766
3.63509
3.5956
3.63224
3.80004
3.79788
3.63993
3.64292
3.51555
3.27888
4.40054
4.63641
5.39356
5.48361
5.58788
5.61057
5.08242
4.60922
4.08932
3.79417
3.15706
3.64402
4.03624
4.99555
4.7644
5.45729
4.54542
5.06547
3.50021
3.94858
3.86365
3.86624
4.33098
4.29643
4.88745
4.56513
4.20894
4.31468
2.82657
3.40471
3.09916
3.5654
3.61833
3.77964
3.58804
3.64955
3.31933
3.18676
3.84116
4.15693
4.98818
5.16029
5.55119
5.50397
5.35188
5.29592
3.91138
3.54348
3.36322
3.62045
3.94264
4.34148
3.78391
4.10205
3.58753
3.60227
3.38563
3.15959
4.13215
4.24857
4.96177
4.94197
5.23828
5.0391
4.89773
4.38023
4.66662
4.78957
3.327
3.65635
4.08167
4.11333
4.58542
4.55128
4.84447
4.58558
4.96159
4.27855
4.34819
3.40029
3.97046
3.9391
5.00066
5.26947
4.94088
5.3707
2.64706
2.91044
2.36098
2.94076
2.52938
3.24062
2.69873
3.53367
2.71726
3.40735
2.45956
3.04961
3.65827
4.11263
4.43471
4.61611
4.79611
4.74666
4.34496
4.30174
2.61884
2.66922
2.95882
3.00994
3.26865
3.35493
3.50343
3.55451
3.43374
3.44383
3.65287
3.70656
4.16346
4.18866
4.29682
4.13409
3.91864
3.39544
2.76516
2.65772
3.64221
4.53169
3.00047
3.49507
4.97225
5.02837
5.45565
5.51641
5.61106
5.3811
5.50447
4.69374
3.8261
3.27293
3.71686
4.66872
4.39697
5.61476
4.43366
5.67625
5.25978
5.5992
4.83489
5.20067
3.74143
3.80183
3.67032
3.94086
3.43369
3.77429
2.96132
3.40529
2.82066
3.07317
2.91613
2.72114
4.70995
4.73774
5.35912
5.51107
5.54709
5.55376
5.23954
5.19508
4.11606
3.83812
3.62375
3.9199
3.68848
3.66679
3.44262
3.44678
3.12129
3.07976
2.91911
2.68176
4.50768
4.53932
5.36826
5.38398
4.77437
5.08275
5.47407
5.41888
5.19579
5.12489
4.5307
3.9047
2.98196
3.93625
3.36872
4.8085
4.70412
5.39693
5.12574
5.38179
3.6262
4.76086
2.99869
3.29416
2.71069
3.10121
2.77684
3.2646
3.24378
3.56216
3.69407
3.779
3.68164
3.55982
4.12441
4.79662
4.92785
5.507
5.26295
5.59714
5.12145
5.1936
3.6961
3.72552
2.99753
3.46487
3.37556
3.41981
3.6832
3.71938
3.77805
3.76041
3.79384
3.52861
4.86873
4.94291
5.56139
5.60062
5.66931
5.66942
5.26583
5.20491
3.8252
3.68973
4.12333
5.55992
4.07445
5.48856
3.44617
5.00844
3.43647
3.30737
3.40845
4.64669
4.94662
5.42761
5.67055
5.58649
4.9157
5.10044
3.59178
3.1197
3.05127
4.67118
0.817692
0.820357
0.786963
0.799441
0.788556
0.825532
0.818125
0.861317
0.848502
0.882656
0.886225
0.888318
0.89092
0.896047
0.907385
0.911604
0.891061
0.891362
0.861046
0.868542
4.53353
5.25271
4.29214
4.63236
3.06696
3.67938
3.32372
3.67936
3.29306
3.65877
3.2898
3.36417
2.64758
3.32641
2.6638
3.07303
4.1124
4.32479
4.61597
5.19459
3.95918
4.54353
5.2464
5.25069
5.29279
5.26881
4.97777
4.63892
4.3657
3.28581
3.13688
4.27068
4.42062
4.92248
5.50558
5.45468
5.32482
5.33839
3.43469
4.3479
0.927695
0.921759
0.906684
0.933521
0.888705
0.923779
0.856629
0.893831
0.80316
0.850948
0.792484
0.814079
0.791681
0.802101
0.818044
0.811002
0.849345
0.87088
0.903225
0.898497
2.01597
2.516
2.16549
2.93016
2.19181
2.99108
2.11786
3.03
2.20128
3.01033
2.3124
3.02597
3.82955
4.79531
3.98037
5.24552
3.82237
5.23714
2.72225
4.3749
3.25741
4.07218
3.81562
4.94866
4.40495
5.47672
3.68192
5.2504
3.62166
3.92664
3.8272
4.15643
5.14275
5.35989
5.49516
5.54033
5.23494
5.0153
5.01123
3.58523
2.77619
2.86548
2.51809
2.98431
2.79268
3.14518
3.15149
3.32279
3.12689
3.29487
4.17029
4.49835
4.80834
4.90121
5.131
5.08117
4.72725
4.63252
3.28264
3.1013
2.83792
2.87516
2.96983
3.02472
3.0812
3.18438
3.22694
3.18385
4.08507
4.16334
4.84822
4.88007
5.02979
5.02277
4.82463
4.6107
3.91312
3.59407
2.74612
2.94261
3.39767
4.52732
3.31668
3.28076
4.40317
4.57102
5.25827
5.49097
5.62659
5.69645
5.7414
5.37282
5.1258
4.3404
3.5027
4.18399
3.94496
4.94718
3.94747
5.44865
5.53876
5.5636
4.8258
5.02259
3.15452
3.28112
3.32348
3.62261
3.29424
3.65108
2.81776
3.4046
2.64167
3.08975
2.85759
2.88262
5.06154
5.00943
5.64477
5.59588
5.47422
5.48725
5.01052
4.96201
3.56646
3.23221
3.58744
3.69544
3.74589
3.74071
3.5212
3.50872
3.22256
3.16787
2.93942
2.79988
4.82857
4.89461
5.4815
5.51021
4.80488
5.0239
5.28887
5.26942
4.95171
4.89746
4.15103
3.42165
3.44567
4.60812
4.15578
5.25687
5.19037
5.37628
5.06247
5.09134
3.32034
4.31739
2.59386
3.7459
2.72429
3.01736
2.46478
2.95765
3.05453
3.50751
3.28049
3.69049
3.31042
3.51814
2.92905
3.13997
3.74232
4.18043
4.7318
4.86304
4.94672
4.9543
4.52019
4.52858
3.53159
3.44873
3.03329
3.28883
3.41867
3.47636
3.68261
3.70018
3.57135
3.55064
3.3528
3.15788
4.31459
4.45535
5.0534
5.14911
5.27332
5.30387
4.89498
4.89568
3.87339
3.50958
3.77499
4.62524
3.97981
5.18443
3.48527
5.19249
3.19188
4.04485
3.64097
3.25837
4.65177
4.99147
5.38844
5.40153
5.27465
5.11119
5.20834
4.2114
5.46135
5.39234
4.37387
4.89332
2.89996
3.29771
2.92909
3.40014
2.8911
3.30252
2.52443
3.02797
2.37492
2.72837
2.82185
2.57426
4.73662
4.63175
5.44353
5.35232
5.23595
5.25784
4.93734
4.90555
3.98575
3.77864
3.16157
3.34017
3.2086
3.28412
3.02018
3.02542
2.81568
2.81519
2.73234
2.66527
4.15757
3.67467
5.08248
4.91799
3.71971
4.63658
5.3458
5.38897
5.44267
5.46194
5.14827
4.93143
4.67912
3.38642
2.73101
4.05739
3.82623
4.98232
4.95977
5.71327
4.64055
5.59967
3.92279
4.10051
5.15877
5.17904
4.60284
4.93189
3.38327
4.08129
2.91101
3.25735
3.30028
3.42622
3.15765
3.47358
2.72741
3.24812
2.62738
2.96957
3.77416
3.9958
5.00984
5.0128
5.30558
5.32977
4.86622
4.84304
3.61543
3.36538
3.12788
3.45665
3.51863
3.52078
3.5823
3.56989
3.37934
3.38397
3.2487
3.01936
4.51714
4.68562
5.27627
5.32981
5.65742
5.42721
4.76893
4.61799
2.78726
3.38815
3.24769
4.43813
3.50886
4.87028
3.68951
4.7569
3.98282
4.00028
4.05402
3.90148
4.9953
5.15903
5.49706
5.54647
4.38215
4.4672
2.17398
3.1478
2.26777
3.1243
2.83114
3.37516
3.09911
3.41154
3.15966
3.12114
3.91834
4.11975
5.32005
5.27164
5.71412
5.67258
5.51976
5.45988
4.44462
4.37607
3.09092
3.46496
3.51013
4.13928
3.57375
4.31364
3.51606
3.50355
3.58048
3.21678
4.12621
4.31608
5.26737
5.37198
5.6602
5.67817
5.44483
5.4295
2.89224
3.83882
4.17
4.29998
4.8105
4.85163
4.77703
4.82601
3.53552
4.01774
3.33221
3.66217
4.39586
4.24202
3.75261
4.06409
3.16546
2.97957
2.69631
3.82934
0.895136
0.911019
0.88792
0.903582
0.870102
0.90925
0.841286
0.881925
0.811432
0.833264
0.806418
0.813024
0.785866
0.802132
0.800571
0.817524
0.844076
0.844291
0.88318
0.890508
2.32064
2.63659
2.41167
3.05529
2.5755
3.18151
2.61786
3.28078
2.58376
3.255
2.64495
3.12762
4.15192
5.08423
4.82771
5.54971
4.73928
5.57797
3.88117
4.81423
2.77957
4.45543
4.36696
5.14812
4.39889
5.53221
3.6216
5.11407
3.68309
3.56372
3.20662
4.64141
5.24286
5.30736
5.18468
5.28237
4.76425
4.36178
4.16651
3.29858
0.805525
0.81507
0.785937
0.798864
0.791414
0.822971
0.82447
0.850843
0.85352
0.878861
0.873552
0.889327
0.879777
0.896927
0.876796
0.894536
0.860692
0.866682
0.826275
0.843275
5.21228
5.53634
4.48344
4.74833
2.95291
3.82628
3.12714
3.59491
3.05454
3.5094
2.95717
4.01083
2.98417
3.43942
3.13556
3.68384
4.75705
5.14707
5.35577
5.68422
4.79126
4.83454
5.16467
5.07664
4.65246
4.60149
3.54944
3.43185
3.32586
4.38558
4.05485
4.98364
4.78361
4.96333
4.82441
4.80562
4.20704
4.39168
2.71009
3.28213
2.79626
2.96725
2.53891
3.02335
2.92284
3.21672
3.21927
3.45046
3.342
3.45622
3.97562
4.37062
4.75303
4.99679
5.26214
5.17804
4.92309
4.83601
3.76741
3.67334
2.81732
2.82664
2.97382
3.02808
3.13961
3.21508
3.37927
3.33499
3.70912
3.81369
4.74785
4.78305
5.04787
5.05042
4.9383
4.85654
4.28763
3.71683
2.67939
2.75039
3.62999
4.84293
3.28418
3.31357
4.28174
4.42567
5.1909
5.4079
5.57674
5.64231
5.72126
5.34481
5.14404
4.37143
3.67158
4.18784
4.25541
5.37876
4.52413
5.63895
5.1299
5.15223
3.29452
3.66379
2.95982
3.46165
2.99743
3.50035
2.68869
3.37611
2.3437
3.05801
2.60353
2.83447
4.75389
4.74735
5.56919
5.52294
5.67749
5.63503
5.13759
5.12037
3.61512
3.37798
3.42672
3.55231
3.64272
3.96056
3.61309
4.41782
3.26081
3.55101
3.07607
2.89232
4.76086
4.92776
5.53135
5.58865
5.64041
5.64186
4.58488
4.01001
3.84672
3.55415
3.98732
4.2331
4.89475
5.09934
4.89783
5.03135
4.43597
4.3095
2.95743
3.09958
3.23157
3.48115
3.52443
3.40836
4.22376
3.66883
4.57621
4.79988
2.42805
2.75856
2.75855
3.08105
3.39656
3.46981
3.66579
3.65559
3.38451
3.48408
2.74757
3.17578
4.32133
4.94556
5.21482
5.48618
5.39206
5.47267
4.85424
4.84088
2.80974
3.03602
3.17798
3.29037
3.50978
4.34851
3.68928
4.52177
3.60011
3.5623
3.22141
3.57563
5.02975
5.16799
5.60849
5.65865
5.55126
5.56764
4.29061
3.32458
2.85799
3.08161
3.95225
4.1465
4.5289
4.73091
4.41124
4.58843
3.49426
3.88823
3.59946
3.58403
3.6337
3.8464
3.57308
3.23911
4.13097
3.03183
5.5169
5.48652
4.27329
4.85983
2.63798
3.24136
2.96223
3.46934
2.96147
3.49182
2.67188
3.20867
2.38567
2.82728
3.04217
2.9682
4.98385
4.91525
5.60555
5.51625
5.38773
5.39972
4.91823
4.86669
3.36574
3.26648
3.41855
3.57464
3.46509
3.46006
3.20729
3.18254
2.90304
2.94639
2.60982
2.69855
4.6604
4.44437
5.34717
5.31473
4.28119
4.73478
5.27957
5.26363
5.17855
5.14933
4.72953
4.33494
3.72921
3.24857
2.77056
4.21788
4.58272
5.11361
5.586
5.54231
5.02803
5.30247
3.43865
3.75603
4.97119
5.2058
4.31575
4.71094
2.83316
3.16512
3.20291
3.42864
3.48402
3.62238
3.2107
3.53659
2.71473
3.19784
2.64024
2.81621
4.58285
4.66922
5.22596
5.2308
5.30804
5.32705
4.66759
4.62183
2.9367
3.22466
3.40389
3.45705
3.657
3.6775
3.60518
3.57926
3.54632
3.30179
3.14332
3.63051
4.96941
5.09766
5.44477
5.48694
5.49683
5.18606
4.56531
4.36996
2.9299
3.58828
3.54844
4.7089
3.79421
5.43912
3.99011
5.1396
3.67727
4.01691
4.04163
3.88814
4.77506
4.88579
5.29422
5.2441
2.72315
3.18316
2.86934
3.31974
3.29717
3.57843
3.43445
3.63544
3.26516
3.36657
3.4851
3.75037
4.93846
5.08986
5.59405
5.53157
5.53371
5.47949
4.80094
4.76795
3.02484
3.299
3.33379
3.3675
3.596
3.60359
3.61881
3.62687
3.53305
3.3529
4.02289
4.12813
5.07009
5.12709
5.41516
5.4169
5.2805
5.19028
4.45021
4.264
5.29096
5.6137
4.2926
5.14756
3.32247
3.70512
3.91866
4.31148
4.85354
5.05253
5.32666
5.17382
5.25401
4.83214
2.82493
3.22046
3.78985
4.62627
4.89702
5.58701
0.802181
0.818119
0.783897
0.80794
0.809799
0.823992
0.82683
0.865181
0.863943
0.907641
0.88771
0.915283
0.887025
0.932436
0.907724
0.941215
0.900435
0.92283
0.838325
0.86276
4.74908
5.4525
3.97304
4.56738
2.59568
3.63661
2.78163
3.37442
2.80688
3.37399
2.7486
3.18327
2.6684
2.92503
2.799
3.88037
3.9047
5.13041
4.50842
5.65671
5.44778
5.09387
4.74903
4.49931
3.22506
3.67162
3.79467
4.80823
4.30688
5.40194
4.53459
5.132
3.45559
4.13864
3.26849
3.17625
4.23052
4.30936
5.02266
4.89234
0.88262
0.890641
0.84625
0.848332
0.826128
0.82794
0.820874
0.816866
0.805731
0.828352
0.786494
0.810951
0.786402
0.797582
0.804595
0.824793
0.865457
0.881072
0.879232
0.916746
1.50619
2.18724
2.12205
2.76464
2.58058
3.43898
3.06735
3.63673
3.30914
3.56259
3.51501
4.34292
3.48378
4.93453
3.28999
4.65157
2.48999
3.72776
1.38698
2.20814
4.06307
5.29219
3.51741
3.4287
4.33025
4.44759
5.19542
5.3619
5.56965
5.54922
5.69393
5.27873
5.10018
4.23409
3.46264
4.29615
4.63582
5.34475
4.88322
5.83436
5.48135
5.46101
4.21273
4.89634
2.73619
3.2313
2.90821
3.48465
2.88256
3.42037
2.5836
3.04879
2.44698
2.67505
2.78422
2.64844
4.87414
4.7952
5.53731
5.44936
5.33055
5.35718
4.94532
4.92214
3.73763
3.45597
3.40695
3.65251
3.37982
3.37857
3.09823
3.14213
2.79544
2.76682
2.63868
2.50576
4.46521
4.22265
5.2402
5.2107
4.13513
4.72619
5.32072
5.32293
5.29333
5.27922
4.91549
4.59526
4.14705
3.04187
2.78374
4.25577
4.32275
5.12398
5.4452
5.59379
5.01107
5.46544
3.60206
3.98873
4.98265
5.00054
4.50696
4.77984
3.4068
3.9551
2.93046
3.24255
3.23157
3.4568
3.12647
3.46356
2.60698
3.2973
2.59663
2.85045
3.6427
3.85262
4.81833
4.81687
5.14541
5.17503
4.70276
4.67827
3.38354
3.11928
3.21919
3.3965
3.543
3.54795
3.53901
3.53394
3.29376
3.24578
3.09271
2.89577
4.45243
4.60856
5.13829
5.18113
5.62142
5.31905
4.49538
4.26864
2.9026
3.72136
3.30298
4.53899
3.49207
4.93411
3.59755
4.71333
4.02405
3.61415
4.54481
4.36774
5.21434
5.33372
5.58003
5.56922
3.22864
3.52059
2.30303
3.04593
2.67219
3.21442
3.02187
3.45787
3.04383
3.39236
2.96259
3.0727
4.60615
4.77353
5.52988
5.50893
5.71589
5.65699
5.24139
5.18431
3.41802
3.23943
3.11217
3.70758
3.39547
4.10432
3.60542
3.60684
3.4836
3.44097
3.28819
3.10724
4.78566
4.9037
5.4782
5.53674
5.61567
5.57902
5.10388
4.95165
4.0527
4.89637
4.88802
4.97305
4.88944
4.93779
3.36952
4.27531
3.22645
3.85201
4.49049
4.62096
4.99697
4.74741
3.80375
4.19661
2.61511
3.43316
3.0336
4.68736
2.21362
2.5857
2.24135
2.80554
2.53052
3.12723
2.6556
3.29807
2.62445
3.23591
2.43374
3.15963
4.22539
4.929
5.31647
5.5139
5.40809
5.47695
4.67601
4.75993
2.56077
2.65829
2.90166
2.97426
3.24768
3.32167
3.53898
3.57043
3.57597
3.48154
3.17955
3.36485
5.03441
5.14666
5.58129
5.62137
5.55391
5.54627
4.85088
4.82894
3.63143
4.67921
4.9425
5.18784
4.73013
5.30421
3.406
4.60184
3.37929
3.35868
4.2179
4.79439
5.23863
5.11775
4.64814
4.80528
3.92105
3.22636
2.75368
4.13554
5.56205
5.5348
4.71234
4.91712
2.73011
3.02004
3.09598
3.28844
3.10275
3.38659
2.709
3.21359
2.59952
2.94534
2.87849
3.02708
5.14582
5.07757
5.65423
5.60041
5.45136
5.45761
4.89955
4.84749
3.00298
3.20738
3.3158
3.44008
3.44917
3.43347
3.30351
3.26807
3.13428
3.409
2.8042
3.2033
4.92103
4.90504
5.49477
5.5336
4.74859
4.90807
5.1873
5.14372
4.79038
4.72524
3.69292
3.33753
3.34284
4.47938
4.03496
5.0694
5.09467
5.24071
4.93958
4.95044
3.4838
4.2028
2.70445
3.65389
3.47215
3.67883
2.24625
2.77658
2.77692
3.02323
2.97256
3.59869
3.11331
3.30882
2.85325
3.03135
3.19982
3.74724
4.45061
4.59436
4.90106
4.91444
4.66122
4.65787
4.04254
4.01444
2.85116
3.02381
3.17434
3.24058
3.45047
3.4642
3.41093
3.3793
3.31465
3.07167
3.82066
4.01812
4.87991
4.99682
5.23283
5.28475
5.01384
5.0238
4.61818
3.00691
3.30443
4.22263
3.82338
5.23651
3.64015
5.42721
2.9933
4.40932
3.46809
2.96241
4.207
4.70169
5.3079
5.28713
5.27584
5.13968
5.27951
4.48278
0.806819
0.820867
0.783043
0.803913
0.807906
0.836212
0.846609
0.877135
0.915565
0.943793
0.929313
0.978832
0.936409
0.991021
0.938362
0.975482
0.895561
0.931183
0.84911
0.865468
4.80133
5.4745
4.3069
4.88466
3.05289
3.73015
3.3172
3.70491
3.2872
3.62471
3.09499
3.97185
2.59611
3.34796
2.38175
3.22756
3.93498
4.96536
4.5069
5.67332
4.86433
4.96339
5.26442
5.18906
4.7646
4.70386
3.79066
3.19582
3.12388
4.25061
4.01243
5.02102
4.95473
5.14681
4.97283
4.96987
4.12005
4.44117
2.66314
3.38386
0.891581
0.892686
0.881549
0.896518
0.913297
0.908965
0.868872
0.892764
0.830256
0.855698
0.810372
0.823686
0.78524
0.803898
0.81332
0.825805
0.839356
0.852359
0.878024
0.881975
2.30211
2.63544
2.5798
3.48856
2.79666
3.42668
2.88031
3.50614
2.89801
3.4979
2.83096
3.45594
4.59348
5.2358
5.21255
5.68209
5.23316
5.66207
4.62487
4.94068
4.24756
5.11238
5.14131
5.20962
4.58853
5.14743
3.42334
4.32734
3.30753
4.00964
4.66016
4.99008
5.34542
5.17151
4.34941
4.62889
2.71872
3.2111
2.66156
4.61588
2.5076
2.84521
2.37695
2.86821
2.69836
3.27635
3.07748
3.54742
3.1747
3.57516
3.42835
3.91598
4.58579
4.9383
5.43596
5.34434
5.26321
5.18341
4.42462
4.34958
2.66867
2.90432
2.94946
3.00178
3.24681
3.33018
3.50556
3.53828
3.61324
3.51421
4.38756
4.44436
5.02768
5.05597
5.15418
5.07381
4.81934
4.53044
3.70147
3.36296
4.2319
5.33043
3.30737
3.6976
3.85904
4.01374
4.92454
5.12811
5.39655
5.41708
5.60424
5.22118
5.1458
4.44168
3.68691
4.12887
4.53425
5.33548
4.87758
5.88132
5.46059
5.50177
4.85485
5.22943
3.9879
4.17206
3.39971
3.72532
3.64837
3.75512
3.32102
3.64694
2.94301
3.29851
2.99816
2.98672
4.42952
4.38227
5.35697
5.29444
5.36527
5.38744
4.86748
5.17256
3.01522
3.08971
3.50334
3.55009
3.78003
3.78043
3.67922
3.65259
3.35506
3.35607
3.2624
2.93399
3.93147
3.932
5.06985
5.05625
4.54761
5.09644
5.52812
5.57129
5.29495
5.47887
4.81872
4.62463
3.72419
3.93795
3.45001
4.65242
4.07239
5.28673
4.44699
5.40155
3.04048
4.56342
3.14737
3.08153
3.71327
3.75769
2.24331
2.79636
2.66447
3.21167
2.96991
3.79425
3.29217
3.61994
3.19913
3.43213
3.08773
3.60928
4.05842
4.43469
4.728
4.7505
4.53157
4.53889
4.09584
4.08837
2.8026
3.10761
3.18076
3.26661
3.5797
3.63463
3.72566
3.71874
3.60909
3.49078
3.7202
3.93655
4.80256
4.90587
5.12821
5.18399
4.93585
4.95789
4.83648
3.53538
3.11171
3.87979
3.43857
4.91212
3.92381
5.21808
3.37909
4.67773
3.81176
3.41704
4.11736
4.73623
5.42141
5.38986
5.41784
5.31704
5.4063
4.76448
5.03929
5.35391
3.60841
4.26783
2.63143
3.53256
2.87561
3.58506
2.84282
3.56006
2.62719
3.22755
2.83763
2.88151
4.02047
4.15521
5.41475
5.33554
5.74119
5.646
5.33924
5.34341
4.37278
4.24647
3.33973
3.71848
3.65062
3.67766
3.74551
4.25551
3.31016
4.24497
3.30706
2.93384
4.16829
4.18817
5.3375
5.3162
5.64512
5.68188
4.66637
4.46109
4.6393
4.50124
3.7854
3.72598
2.93409
3.50813
3.60755
4.48941
3.84712
4.57068
4.23389
4.47813
4.44586
4.40668
4.01513
4.21651
3.45493
3.37196
4.60463
4.81975
2.96422
3.27659
2.84236
3.13404
3.36801
3.5181
3.42596
3.65628
3.00244
3.42527
2.73045
3.08924
4.348
4.69747
5.41038
5.39373
5.39251
5.3783
4.89299
4.88924
3.22145
2.95668
3.14403
3.31572
3.57416
3.60363
3.72691
3.75359
3.54131
3.54786
3.33164
3.19963
4.85893
5.02818
5.54273
5.59252
5.51365
5.53294
4.76507
4.0488
3.07866
2.97831
3.79808
4.32487
4.58434
5.26728
4.84435
5.3172
3.85242
4.54748
3.32628
3.4161
4.16931
4.2248
4.35076
4.20417
4.75206
4.18868
5.36512
5.38561
3.82631
4.37071
2.45752
3.35642
2.96226
3.49509
3.20541
3.60197
3.09872
3.38813
3.01447
3.03702
4.12912
4.21344
5.36089
5.32558
5.67611
5.64147
5.3819
5.3794
4.37503
4.25121
3.33009
3.85621
3.63315
3.65213
3.86387
3.96158
3.56089
3.9018
3.4685
3.10794
4.22906
4.41787
5.34124
5.42849
5.65159
5.67536
4.8702
4.57351
4.54812
4.3652
3.11472
3.28718
3.9186
4.42247
4.60551
5.08742
4.65783
4.85356
4.30235
4.23052
3.34499
3.46224
2.81138
2.87444
4.10856
3.9481
0
0
0
0
0
0
0
0
0
0
0
0
0
0
0
0
0
0
0
0
0
0
0
0
0
0
0
0
0
0
0
0
0
0
0
0
0
0
0
0
0
0
0
0
0
0
0
0
0
0
0
0
0
0
0
0
0
0
0
0
0
0
0
0
0
0
0
0
0
0
0
0
0
0
0
0
0
0
0
0
0
0
0
0
0
0
0
0
0
0
0
0
0
0
0
0
0
0
0
0
0
0
0
0
0
0
0
0
0
0
0
0
0
0
0
0
0
0
0
0
0
0
0
0
0
0
0
0
0
0
0
0
0
0
0
0
0
0
0
0
0
0
0
0
0
0
0
0
0
0
0
0
0
0
0
0
0
0
0
0
0
0
0
0
0
0
0
0
0
0
0
0
0
0
0
0
0
0
0
0
0
0
0
0
0
0
0
0
0
0
0
0
0
0
0
0
0
0
0
0
0
0
0
0
0
0
0
0
0
0
0
0
0
0
0
0
0
0
0
0
0
0
0
0
0
0
0
0
0
0
0
0
0
0
0
0
0
0
0
0
0
0
0
0
0
0
0
0
0
0
0
0
0
0
0
0
0
0
0
0
0
0
0
0
0
0
0
0
0
0
0
0
0
0
0
0
0
0
0
0
0
0
0
0
0
0
0
0
0
0
0
0
0
0
0
0
0
0
0
0
0
0
0
0
0
0
0
0
0
0
0
0
0
0
0
0
0
0
0
0
0
0
0
0
0
0
0
0
0
0
0
0
0
0
0
0
0
0
0
0
0
0
0
0
0
0
0
0
0
0
0
0
0
0
0
0
0
0
0
0
0
0
0
0
0
0
0
0
0
0
0
0
0
0
0
0
0
0
0
0
0
0
0
0
0
0
0
0
0
0
0
0
0
0
0
0
0
0
0
0
0
0
0
0
0
0
0
0
0
0
0
0
0
0
0
0
0
0
0
0
0
0
0
0
0
0
0
0
0
0
0
0
0
0
0
0
0
0
0
0
0
0
0
0
0
0
0
0
0
0
0
0
0
0
0
0
0
0
0
0
0
0
0
0
0
0
0
0
0
0
0
0
0
0
0
0
0
0
0
0
0
0
0
0
0
0
0
0
0
0
0
0
0
0
0
0
0
0
0
0
0
0
0
0
0
0
0
0
0
0
0
0
0
0
0
0
0
0
0
0
0
0
0
0
0
0
0
0
0
0
0
0
0
0
0
0
0
0
0
0
0
0
0
0
0
0
0
0
0
0
0
0
0
0
0
0
0
0
0
0
0
0
0
0
0
0
0
0
0
0
0
0
0
0
0
0
0
0
0
0
0
0
0
0
0
0
0
0
0
0
0
0
0
0
0
0
0
0
0
0
0
0
0
0
0
0
0
0
0
0
0
0
0
0
0
0
0
0
0
0
0
0
0
0
0
0
0
0
0
0
0
0
0
0
0
0
0
0
0
0
0
0
0
0
0
0
0
0
0
0
0
0
0
0
0
0
0
0
0
0
0
0
0
0
0
0
0
0
0
0
0
0
0
0
0
0
0
0
0
0
0
0
0
0
0
0
0
0
0
0
0
0
0
0
0
0
0
0
0
0
0
0
0
0
0
0
0
0
0
0
0
0
0
0
0
0
0
0
0
0
0
0
0
0
0
0
0
0
0
0
0
0
0
0
0
0
0
0
0
0
0
0
0
0
0
0
0
0
0
0
0
0
0
0
0
0
0
0
0
0
0
0
0
0
0
0
0
0
0
0
0
0
0
0
0
0
0
0
0
0
0
0
0
0
0
0
0
0
0
0
0
0
0
0
0
0
0
0
0
0
0
0
0
0
0
0
0
0
0
0
0
0
0
0
0
0
0
0
0
0
0
0
0
0
0
0
0
0
0
0
0
0
0
0
0
0
0
0
0
0
0
0
0
0
0
0
0
0
0
0
0
0
0
0
0
0
0
0
0
0
0
0
0
0
0
0
0
0
0
0
0
0
0
0
0
0
0
0
0
0
0
0
0
0
0
0
0
0
0
0
0
0
0
0
0
0
0
0
0
0
0
0
0
0
0
0
0
0
0
0
0
0
0
0
0
0
0
0
0
0
0
0
0
0
0
0
0
0
0
0
0
0
0
0
0
0
0
0
0
0
0
0
0
0
0
0
0
0
0
0
0
0
0
0
0
0
0
0
0
0
0
0
0
0
0
0
0
0
0
0
0
0
0
0
0
0
0
0
0
0
0
0
0
0
0
0
0
0
0
0
0
0
0
0
0
0
0
0
0
0
0
0
0
0
0
0
0
0
0
0
0
0
0
0
0
0
0
0
0
0
0
0
0
0
0
0
0
0
0
0
0
0
0
0
0
0
0
0
0
0
0
0
0
0
0
0
0
0
0
0
0
0
0
0
0
0
0
0
0
0
0
0
0
0
0
0
0
0
0
0
0
0
0
0
0
0
0
0
0
0
0
0
0
0
0
0
0
0
0
0
0
0
0
0
0
0
0
0
0
0
0
0
0
0
0
0
0
0
0
0
0
0
0
0
0
0
0
0
0
0
0
0
0
0
0
0
0
0
0
0
0
0
0
0
0
0
0
0
0
0
0
0
0
0
0
0
0
0
0
0
0
0
0
0
0
0
0
0
0
0
0
0
0
0
0
0
0
0
0
0
0
0
0
0
0
0
0
0
0
0
0
0
0
0
0
0
0
0
0
0
0
0
0
0
0
0
0
0
0
0
0
0
0
0
0
0
0
0
0
0
0
0
0
0
0
0
0
0
0
0
0
0
0
0
0
0
0
0
0
0
0
0
0
0
0
0
0
0
0
0
0
0
0
0
0
0
0
0
0
0
0
0
0
0
0
0
0
0
0
0
0
0
0
0
0
0
0
0
0
0
0
0
0
0
0
0
0
0
0
0
0
0
0
0
0
0
0
0
0
0
0
0
0
0
0
0
0
0
0
0
0
0
0
0
0
0
0
0
0
0
0
0
0
0
0
0
0
0
0
0
0
0
0
0
0
0
0
0
0
0
0
0
0
0
0
0
0
0
0
0
0
0
0
0
0
0
0
0
0
0
0
0
0
0
0
0
0
0
0
0
0
0
0
0
0
0
0
0
0
0
0
0
0
0
0
0
0
0
0
0
0
0
0
0
0
0
0
0
0
0
0
0
0
0
0
0
0
0
0
0
0
0
0
0
0
0
0
0
0
0
0
0
0
0
0
0
0
0
0
0
0
0
0
0
0
0
0
0
0
0
0
0
0
0
0
0
0
0
0
0
